Date,Open,High,Low,Close,Adj Close,Volume
2015-09-01,53.000000,54.360001,52.740002,53.500000,48.485542,13424900
2015-09-02,54.500000,55.290001,53.750000,55.259998,50.080589,9891100
2015-09-03,55.720001,55.759998,54.480000,54.689999,49.564014,7968900
2015-09-04,53.869999,54.570000,53.840000,54.279999,49.192436,6994300
2015-09-08,55.310001,55.450001,54.529999,55.209999,50.035275,8051700
2015-09-09,55.900002,56.000000,54.570000,54.689999,49.564014,8406700
2015-09-10,54.340000,55.689999,54.330002,55.369999,50.180275,8924800
2015-09-11,55.189999,56.540001,55.029999,56.529999,51.231556,8363100
2015-09-14,56.540001,56.910000,56.049999,56.290001,51.014061,5463900
2015-09-15,56.430000,57.209999,56.119999,56.910000,51.575932,6741300
2015-09-16,56.830002,57.349998,56.209999,57.259998,51.893131,6593400
2015-09-17,57.320000,58.099998,57.040001,57.279999,51.911263,7525300
2015-09-18,56.490002,57.630001,56.279999,56.840000,51.512501,16268000
2015-09-21,57.200001,57.840000,56.959999,57.540001,52.146893,6220100
2015-09-22,56.849998,57.250000,56.700001,57.119999,51.766258,8585100
2015-09-23,57.160000,57.930000,57.049999,57.790001,52.373459,6829200
2015-09-24,57.380001,58.540001,57.169998,58.369999,52.899097,10027300
2015-09-25,58.919998,58.959999,57.740002,57.990002,52.554710,10627000
2015-09-28,58.009998,58.430000,55.619999,55.770000,50.542797,11548100
2015-09-29,55.849998,56.299999,54.810001,55.720001,50.497482,9392100
2015-09-30,56.400002,56.900002,55.610001,56.840000,51.512501,9799600
2015-10-01,56.990002,57.500000,55.889999,57.480000,52.092510,8497100
2015-10-02,56.990002,58.090000,56.540001,58.080002,52.636284,9036800
2015-10-05,58.490002,59.180000,58.070000,59.040001,53.506302,8199000
2015-10-06,58.820000,59.139999,58.220001,58.689999,53.189106,5538000
2015-10-07,58.619999,58.830002,57.900002,58.779999,53.270668,8138300
2015-10-08,58.779999,59.709999,58.389999,59.459999,53.886932,6834800
2015-10-09,59.470001,60.110001,59.299999,60.070000,54.439758,7969900
2015-10-12,60.349998,60.889999,60.040001,60.540001,54.865711,6430300
2015-10-13,60.340000,60.750000,60.020000,60.160000,54.521324,6262800
2015-10-14,60.000000,60.169998,58.430000,58.820000,53.306923,8365600
2015-10-15,58.950001,59.830002,58.080002,59.689999,54.095367,9745900
2015-10-16,59.959999,60.290001,59.459999,59.930000,54.312870,12860800
2015-10-19,60.130001,61.290001,59.869999,60.970001,55.255409,8117200
2015-10-20,61.220001,61.360001,60.560001,60.880001,55.173840,6089100
2015-10-21,61.070000,61.119999,60.160000,60.529999,54.856640,6055300
2015-10-22,60.959999,61.709999,60.169998,61.490002,55.726662,9182000
2015-10-23,62.110001,62.799999,61.619999,62.610001,56.741692,8206000
2015-10-26,62.980000,63.840000,62.970001,63.430000,57.484833,9751700
2015-10-27,63.369999,63.410000,62.189999,62.709999,56.832314,8973200
2015-10-28,63.110001,63.520000,62.419998,63.509998,57.557335,9627300
2015-10-29,63.419998,63.500000,61.709999,62.500000,56.642002,14839100
2015-10-30,63.689999,64.000000,62.259998,62.570000,56.705441,16822300
2015-11-02,63.009998,63.099998,62.119999,62.240002,56.406364,8547200
2015-11-03,62.000000,62.980000,61.650002,62.799999,56.913879,8847700
2015-11-04,63.040001,63.040001,61.340000,61.959999,56.152615,9085100
2015-11-05,62.169998,62.459999,62.009998,62.279999,56.442619,6145000
2015-11-06,62.049999,62.240002,61.610001,61.970001,56.161674,6616300
2015-11-09,61.750000,61.970001,60.860001,61.340000,55.770706,6838300
2015-11-10,61.540001,62.320000,61.209999,62.180000,56.534451,6689000
2015-11-11,62.549999,62.570000,61.810001,61.869999,56.252594,4437300
2015-11-12,61.340000,61.650002,60.750000,61.070000,55.525230,6793800
2015-11-13,60.889999,61.349998,59.610001,59.740002,54.315990,8821600
2015-11-16,59.500000,60.689999,59.500000,60.680000,55.170639,8096600
2015-11-17,60.950001,61.560001,60.439999,60.549999,55.052433,6695300
2015-11-18,60.660000,61.869999,60.330002,61.799999,56.188942,7215300
2015-11-19,61.799999,61.930000,61.389999,61.459999,55.879822,5154400
2015-11-20,61.959999,62.150002,61.580002,61.990002,56.361702,8302500
2015-11-23,62.139999,63.189999,62.099998,62.639999,56.952682,8493500
2015-11-24,62.060001,62.369999,61.220001,61.959999,56.334427,7908200
2015-11-25,62.049999,62.500000,62.000000,62.189999,56.543537,4549900
2015-11-27,62.189999,62.380001,61.930000,62.180000,56.534451,2447900
2015-11-30,62.099998,62.290001,61.200001,61.389999,55.816174,9863800
2015-12-01,61.080002,61.680000,60.509998,61.369999,55.797993,10910800
2015-12-02,61.630001,61.709999,61.119999,61.220001,55.661610,6587500
2015-12-03,61.369999,61.450001,59.150002,59.549999,54.143238,12056100
2015-12-04,59.860001,61.869999,59.599998,61.750000,56.143494,9100600
2015-12-07,61.750000,61.950001,61.439999,61.889999,56.270771,5967800
2015-12-08,61.689999,62.430000,61.520000,62.160000,56.516262,6664900
2015-12-09,61.709999,62.540001,60.820000,61.180000,55.625244,8541600
2015-12-10,61.130001,62.139999,61.009998,61.869999,56.252594,6623900
2015-12-11,60.860001,61.189999,59.599998,59.820000,54.388714,11489300
2015-12-14,60.040001,60.139999,58.610001,59.919998,54.479645,13406100
2015-12-15,60.549999,60.680000,59.970001,59.980000,54.534191,7842100
2015-12-16,60.320000,60.500000,59.509998,60.349998,54.870598,9281800
2015-12-17,60.660000,60.830002,59.470001,59.520000,54.115963,9079400
2015-12-18,59.200001,59.500000,58.270000,58.619999,53.297668,18099500
2015-12-21,58.889999,59.619999,58.660000,59.540001,54.134144,7187500
2015-12-22,59.939999,60.070000,59.279999,59.990002,54.543293,6501400
2015-12-23,60.259998,60.369999,59.959999,60.340000,54.861507,4510200
2015-12-24,60.369999,60.509998,60.169998,60.320000,54.843323,2204300
2015-12-28,60.020000,60.330002,59.580002,60.189999,54.725124,4437200
2015-12-29,60.459999,61.320000,60.349998,61.130001,55.579784,5477300
2015-12-30,61.220001,61.400002,60.750000,60.820000,55.297928,3973900
2015-12-31,60.650002,60.810001,60.020000,60.029999,54.579651,4960900
2016-01-04,58.770000,58.830002,57.599998,58.259998,52.970352,13521500
2016-01-05,58.790001,58.790001,57.980000,58.650002,53.324947,9617800
2016-01-06,57.700001,58.529999,57.639999,58.130001,52.852169,8266300
2016-01-07,56.880001,57.910000,56.160000,56.689999,51.542908,11140900
2016-01-08,57.410000,57.730000,56.529999,56.630001,51.488361,10427000
2016-01-11,57.000000,58.119999,56.779999,57.820000,52.570297,10757300
2016-01-12,58.389999,59.529999,58.180000,59.459999,54.061409,12375800
2016-01-13,59.799999,60.000000,57.799999,57.869999,52.615768,11303600
2016-01-14,57.509998,59.430000,56.919998,58.980000,53.624985,11444100
2016-01-15,57.070000,58.389999,56.750000,58.000000,52.733963,15246100
2016-01-19,58.669998,59.389999,58.119999,58.549999,53.234028,12289000
2016-01-20,57.570000,57.959999,54.939999,56.919998,51.752026,22786400
2016-01-21,57.840000,59.380001,57.669998,59.029999,53.670452,20888500
2016-01-22,57.549999,59.400002,57.410000,59.169998,53.797733,32820200
2016-01-25,59.360001,59.380001,57.610001,57.709999,52.470295,13554300
2016-01-26,57.919998,58.869999,57.799999,58.610001,53.288589,8898100
2016-01-27,58.869999,58.959999,57.259998,57.630001,52.397560,12491300
2016-01-28,58.290001,59.419998,58.000000,59.290001,53.906837,11832400
2016-01-29,59.779999,60.880001,59.639999,60.770000,55.252472,13224400
2016-02-01,60.660000,61.790001,60.270000,61.400002,55.825268,9529100
2016-02-02,60.660000,60.900002,60.180000,60.700001,55.369179,9407400
2016-02-03,60.880001,61.130001,58.500000,59.529999,54.301933,12254500
2016-02-04,59.410000,59.450001,57.990002,58.290001,53.170826,13944900
2016-02-05,58.099998,58.200001,54.250000,54.490002,49.704552,24529000
2016-02-08,53.090000,54.470001,52.630001,54.139999,49.385284,21457500
2016-02-09,53.189999,55.290001,53.169998,54.419998,49.640705,11605100
2016-02-10,55.279999,56.349998,55.009998,55.139999,50.297470,11663900
2016-02-11,53.889999,55.389999,53.549999,54.919998,50.096794,12106100
2016-02-12,55.560001,56.040001,55.040001,55.860001,50.954235,8680200
2016-02-16,56.790001,56.849998,55.980000,56.410000,51.455933,11594800
2016-02-17,56.700001,57.660000,56.160000,57.630001,52.568787,11955200
2016-02-18,57.570000,57.570000,56.669998,56.959999,51.957634,8494000
2016-02-19,56.919998,57.860001,56.520000,57.669998,52.605282,9033600
2016-02-22,58.630001,58.950001,58.169998,58.869999,53.699886,8390700
2016-02-23,58.450001,58.900002,58.000000,58.459999,53.325901,7064100
2016-02-24,57.209999,58.349998,56.279999,58.110001,53.006638,10780900
2016-02-25,58.459999,58.750000,58.000000,58.750000,53.590435,6262100
2016-02-26,59.000000,59.209999,57.919998,58.340000,53.216438,7473400
2016-02-29,58.250000,59.150002,58.099998,58.209999,53.097855,7645100
2016-03-01,58.770000,60.200001,58.500000,60.040001,54.767143,9183600
2016-03-02,59.830002,60.000000,58.830002,59.560001,54.329292,8856400
2016-03-03,59.119999,59.200001,58.200001,59.040001,53.854965,8261900
2016-03-04,59.139999,59.189999,58.230000,58.700001,53.544823,8344800
2016-03-07,58.439999,58.669998,57.310001,58.000000,52.906296,9199100
2016-03-08,57.580002,58.230000,57.259998,57.599998,52.541435,8127400
2016-03-09,57.779999,57.970001,56.790001,57.070000,52.057972,9734600
2016-03-10,57.509998,57.860001,56.919998,57.520000,52.468464,7014500
2016-03-11,58.099998,58.099998,56.570000,57.590000,52.532307,15497600
2016-03-14,57.580002,58.779999,57.500000,58.650002,53.499218,9053300
2016-03-15,58.320000,59.160000,58.169998,59.080002,53.891453,7428500
2016-03-16,58.650002,59.820000,58.650002,59.669998,54.429634,8069400
2016-03-17,59.470001,59.980000,59.369999,59.549999,54.320171,7734700
2016-03-18,59.910000,60.450001,59.430000,59.700001,54.457001,14313600
2016-03-21,59.560001,59.860001,59.020000,59.099998,53.909687,6487200
2016-03-22,59.000000,59.549999,58.570000,59.380001,54.165108,8246800
2016-03-23,59.139999,59.400002,58.689999,58.830002,53.663406,5794500
2016-03-24,58.700001,58.790001,58.279999,58.360001,53.234680,5948300
2016-03-28,58.560001,59.470001,58.400002,58.959999,53.781986,5791600
2016-03-29,58.820000,59.740002,58.820000,59.549999,54.320171,6031400
2016-03-30,60.000000,60.259998,59.509998,60.009998,54.739773,5723500
2016-03-31,59.770000,60.209999,59.680000,59.700001,54.457001,5622800
2016-04-01,59.610001,61.169998,59.410000,61.020000,55.661068,9401100
2016-04-04,61.099998,61.180000,60.080002,60.250000,54.958710,5799900
2016-04-05,59.880001,60.230000,59.439999,60.040001,54.767143,4994800
2016-04-06,60.020000,60.910000,59.910000,60.830002,55.487755,5667300
2016-04-07,60.590000,61.540001,60.540001,61.169998,55.797901,8239200
2016-04-08,61.500000,61.639999,60.700001,61.040001,55.679314,5064900
2016-04-11,61.220001,61.500000,60.779999,60.900002,55.551620,6103400
2016-04-12,58.950001,59.680000,58.369999,59.500000,54.274563,17565800
2016-04-13,60.320000,61.080002,59.750000,60.209999,54.922215,9898500
2016-04-14,60.259998,60.400002,59.910000,60.130001,54.849243,5157400
2016-04-15,60.240002,60.619999,60.009998,60.509998,55.195858,5965300
2016-04-18,60.689999,61.070000,60.360001,60.889999,55.542500,7228600
2016-04-19,61.160000,61.250000,60.480000,60.900002,55.551620,7283600
2016-04-20,61.040001,61.430000,60.849998,60.900002,55.551620,5558800
2016-04-21,60.900002,61.099998,60.480000,60.639999,55.314445,12799100
2016-04-22,59.009998,59.099998,57.029999,57.680000,52.614403,29836700
2016-04-25,57.619999,57.959999,57.580002,57.770000,52.696495,8428000
2016-04-26,58.049999,58.669998,57.560001,57.720001,52.650890,8839100
2016-04-27,57.509998,57.650002,56.619999,56.900002,51.902901,12390800
2016-04-28,56.590000,57.360001,56.320000,56.419998,51.465050,9196600
2016-04-29,56.020000,56.430000,55.290001,56.230000,51.291744,12133400
2016-05-02,56.290001,57.369999,56.110001,57.360001,52.322510,8616200
2016-05-03,56.700001,57.060001,56.139999,56.250000,51.489525,7854300
2016-05-04,55.980000,56.650002,55.799999,56.389999,51.617676,6508500
2016-05-05,56.369999,56.770000,56.009998,56.250000,51.489525,6215400
2016-05-06,55.959999,56.320000,55.380001,56.310001,51.544445,6378700
2016-05-09,56.320000,56.930000,56.230000,56.639999,51.846512,5976200
2016-05-10,56.849998,57.599998,56.709999,57.490002,52.624580,7931200
2016-05-11,57.130001,57.389999,56.090000,56.230000,51.471210,8118900
2016-05-12,56.570000,56.790001,55.820000,56.299999,51.535301,6870300
2016-05-13,56.430000,56.599998,55.730000,55.820000,51.095913,5466000
2016-05-16,55.700001,55.770000,55.200001,55.529999,50.830448,9536200
2016-05-17,55.380001,55.639999,54.509998,54.880001,50.235466,10530000
2016-05-18,54.759998,55.169998,54.380001,54.799999,50.162235,7455200
2016-05-19,54.430000,54.619999,54.189999,54.549999,49.933392,7582800
2016-05-20,54.880001,55.369999,54.580002,54.619999,49.997467,8430800
2016-05-23,54.619999,54.820000,54.290001,54.599998,49.979164,7352100
2016-05-24,54.740002,55.619999,54.680000,55.439999,50.748066,7748700
2016-05-25,55.200001,55.459999,54.950001,55.150002,50.482616,8115500
2016-05-26,55.549999,55.869999,54.950001,55.290001,50.610767,9451700
2016-05-27,55.360001,55.549999,55.099998,55.150002,50.482616,6631100
2016-05-31,55.500000,55.500000,54.700001,54.889999,50.244621,12044000
2016-06-01,54.759998,55.490002,54.720001,54.820000,50.180546,8761600
2016-06-02,54.900002,55.000000,54.459999,54.619999,49.997467,8307500
2016-06-03,54.709999,55.080002,54.400002,54.610001,49.988316,6649200
2016-06-06,54.720001,55.869999,54.689999,55.590000,50.885380,9900900
2016-06-07,55.650002,56.099998,55.279999,55.299999,50.619919,7173100
2016-06-08,55.500000,55.500000,54.900002,55.220001,50.546684,7623900
2016-06-09,55.150002,55.610001,55.060001,55.580002,50.876225,5927900
2016-06-10,54.919998,55.200001,54.500000,54.869999,50.226315,8118700
2016-06-13,54.790001,55.599998,54.759998,55.040001,50.381927,7908400
2016-06-14,55.049999,55.580002,55.009998,55.570000,50.867069,8036500
2016-06-15,55.639999,56.090000,55.270000,55.349998,50.665684,7447300
2016-06-16,54.900002,55.590000,54.410000,55.529999,50.830448,7968000
2016-06-17,55.610001,55.619999,55.040001,55.310001,50.629078,9503000
2016-06-20,55.770000,56.279999,55.380001,55.380001,50.693146,7286700
2016-06-21,55.520000,56.029999,55.450001,55.810001,51.086758,7445100
2016-06-22,55.880001,55.980000,55.490002,55.610001,50.903679,7215400
2016-06-23,55.980000,56.200001,55.900002,56.130001,51.379677,5569400
2016-06-24,54.049999,55.570000,54.009998,54.680000,50.052395,14654700
2016-06-27,54.200001,54.480000,53.410000,53.689999,49.146179,11631900
2016-06-28,54.099998,54.900002,53.950001,54.849998,50.208004,8417000
2016-06-29,55.419998,56.950001,55.360001,56.740002,51.938049,11103800
2016-06-30,56.810001,57.189999,56.520000,57.119999,52.285892,10215200
2016-07-01,57.040001,57.360001,56.849998,56.990002,52.166901,8330300
2016-07-05,56.810001,56.959999,56.549999,56.770000,51.965508,7274200
2016-07-06,56.520000,57.110001,56.320000,56.750000,51.947197,8474200
2016-07-07,56.660000,57.000000,56.470001,56.910000,52.093658,6813300
2016-07-08,56.919998,57.000000,56.360001,56.509998,51.727516,12655500
2016-07-11,56.799999,56.919998,56.060001,56.320000,51.553604,10394400
2016-07-12,56.650002,57.599998,56.509998,57.480000,52.615425,10998500
2016-07-13,56.799999,57.259998,56.349998,56.480000,51.700054,12183600
2016-07-14,57.000000,57.680000,56.970001,57.590000,52.716110,11353600
2016-07-15,57.689999,57.740002,57.130001,57.410000,52.551346,8494000
2016-07-18,57.590000,57.590000,56.849998,56.919998,52.102810,7614600
2016-07-19,56.849998,57.139999,56.549999,56.759998,51.956356,8719800
2016-07-20,57.000000,57.660000,56.709999,57.540001,52.670345,9446400
2016-07-21,57.619999,57.669998,57.040001,57.599998,52.725277,16151700
2016-07-22,57.599998,58.240002,57.200001,57.900002,52.999878,23899300
2016-07-25,57.720001,58.090000,57.500000,57.950001,53.045647,10486000
2016-07-26,58.580002,58.840000,58.200001,58.310001,53.375179,10106700
2016-07-27,58.380001,58.400002,57.669998,57.849998,52.954102,6551800
2016-07-28,57.880001,58.310001,57.740002,58.209999,53.283642,6830100
2016-07-29,58.180000,58.430000,57.919998,58.049999,53.137177,6914900
2016-08-01,58.000000,58.049999,57.430000,57.630001,52.752728,7997600
2016-08-02,57.250000,57.340000,56.540001,56.730000,52.109741,7574600
2016-08-03,56.459999,56.590000,55.720001,55.939999,51.384079,11484800
2016-08-04,56.049999,56.290001,55.380001,55.419998,50.906429,11193700
2016-08-05,55.799999,56.119999,55.520000,55.900002,51.347340,9206200
2016-08-08,55.970001,55.990002,55.169998,55.360001,50.851318,9129300
2016-08-09,55.389999,55.709999,55.180000,55.200001,50.704350,7136700
2016-08-10,55.369999,55.709999,55.110001,55.619999,51.090134,6991100
2016-08-11,55.750000,55.959999,55.459999,55.470001,50.952354,6191400
2016-08-12,55.270000,55.750000,55.230000,55.470001,50.952354,5039800
2016-08-15,55.650002,55.700001,55.180000,55.250000,50.750275,5968700
2016-08-16,55.250000,55.570000,54.919998,55.369999,50.860508,5750900
2016-08-17,55.770000,55.919998,55.430000,55.799999,51.255489,7410600
2016-08-18,55.779999,55.900002,55.490002,55.529999,51.007465,5390800
2016-08-19,55.459999,55.560001,54.849998,54.939999,50.465515,8981200
2016-08-22,54.980000,55.919998,54.950001,55.849998,51.301411,8837800
2016-08-23,56.169998,56.540001,56.000000,56.400002,51.806618,7827900
2016-08-24,57.000000,57.980000,56.950001,57.090000,52.440414,13200500
2016-08-25,57.040001,57.450001,56.900002,57.290001,52.624134,6686600
2016-08-26,57.480000,57.830002,57.000000,57.290001,52.624134,6940500
2016-08-29,57.220001,57.480000,56.610001,56.799999,52.174038,7026700
2016-08-30,56.660000,56.750000,56.009998,56.400002,51.806618,6377700
2016-08-31,56.310001,56.419998,55.910000,56.230000,51.650455,6996900
2016-09-01,56.299999,56.560001,55.830002,56.310001,51.723938,6230100
2016-09-02,56.520000,56.650002,55.990002,56.180000,51.604534,7441500
2016-09-06,56.180000,56.419998,55.689999,56.020000,51.457558,6472900
2016-09-07,56.189999,56.599998,56.119999,56.320000,51.733135,11428600
2016-09-08,56.099998,56.150002,55.200001,55.299999,50.796200,12673600
2016-09-09,55.139999,55.200001,54.299999,54.349998,49.923580,10658100
2016-09-12,53.919998,54.790001,53.919998,54.709999,50.254257,11002500
2016-09-13,54.389999,54.549999,53.750000,53.980000,49.583710,10050200
2016-09-14,54.259998,54.349998,53.799999,53.900002,49.510227,6688400
2016-09-15,53.959999,54.130001,53.540001,54.110001,49.703117,8076800
2016-09-16,53.939999,54.090000,53.410000,53.740002,49.363258,10207800
2016-09-19,53.959999,53.970001,52.900002,53.009998,48.692715,9231600
2016-09-20,53.400002,53.439999,53.049999,53.299999,48.959087,8731500
2016-09-21,53.430000,54.029999,53.279999,53.980000,49.583710,9213600
2016-09-22,54.200001,54.599998,53.970001,54.389999,49.960316,9096700
2016-09-23,54.000000,54.560001,54.000000,54.430000,49.997059,6945100
2016-09-26,54.279999,54.340000,53.860001,54.040001,49.638832,7755600
2016-09-27,54.000000,54.209999,53.820000,54.189999,49.776600,6463700
2016-09-28,53.880001,54.080002,53.529999,53.980000,49.583710,8593500
2016-09-29,53.880001,54.000000,52.910000,53.450001,49.096874,11993500
2016-09-30,53.650002,54.389999,53.560001,54.139999,49.730675,13767800
2016-10-03,54.099998,54.150002,53.669998,53.840000,49.455112,5478600
2016-10-04,54.130001,54.130001,53.410000,53.529999,49.170361,6176400
2016-10-05,53.500000,53.759998,53.279999,53.349998,49.005013,7451400
2016-10-06,53.299999,53.480000,53.029999,53.139999,48.812119,6130300
2016-10-07,53.369999,53.610001,53.000000,53.459999,49.106064,7279700
2016-10-10,53.529999,53.599998,53.270000,53.299999,48.959087,7224300
2016-10-11,53.130001,53.400002,52.740002,52.919998,48.610031,9720400
2016-10-12,53.009998,53.470001,52.779999,53.160000,48.830486,6320500
2016-10-13,52.880001,53.130001,52.669998,52.950001,48.637592,6958100
2016-10-14,53.119999,53.369999,52.959999,53.080002,48.757011,6430100
2016-10-17,52.939999,53.150002,52.689999,52.759998,48.463055,5223500
2016-10-18,53.240002,53.320000,52.590000,52.610001,48.325279,6550400
2016-10-19,52.910000,53.740002,52.900002,53.150002,48.821312,9095300
2016-10-20,53.360001,53.740002,52.910000,53.590000,49.225475,9286800
2016-10-21,53.419998,53.700001,53.250000,53.630001,49.262207,6767200
2016-10-24,53.900002,54.459999,53.889999,54.180000,49.767422,6919700
2016-10-25,54.099998,54.169998,53.500000,53.669998,49.298958,6052800
2016-10-26,53.599998,53.840000,53.360001,53.630001,49.262207,5817800
2016-10-27,53.599998,53.830002,53.130001,53.590000,49.225475,7900000
2016-10-28,53.650002,53.840000,53.110001,53.529999,49.170361,6620300
2016-10-31,53.700001,53.700001,53.060001,53.070000,48.747818,9142500
2016-11-01,53.139999,53.209999,52.090000,52.500000,48.224247,15425800
2016-11-02,52.340000,53.459999,52.310001,52.980000,48.665154,10851700
2016-11-03,52.990002,53.000000,51.340000,51.770000,47.553699,21847300
2016-11-04,51.430000,53.740002,50.840000,52.750000,48.453880,21956800
2016-11-07,53.500000,54.680000,53.189999,54.490002,50.052170,14916800
2016-11-08,54.400002,54.790001,54.119999,54.619999,50.171593,9352000
2016-11-09,53.200001,54.820000,52.799999,54.580002,50.134842,13727800
2016-11-10,54.639999,54.820000,53.509998,53.570000,49.207100,13621700
2016-11-11,53.430000,53.990002,53.250000,53.930000,49.537777,8436400
2016-11-14,53.930000,54.470001,53.500000,54.220001,49.804157,10489800
2016-11-15,54.090000,54.689999,53.900002,54.590000,50.376308,9588000
2016-11-16,54.330002,55.520000,54.259998,55.439999,51.160694,10779200
2016-11-17,55.220001,55.900002,55.060001,55.849998,51.539047,8744500
2016-11-18,55.720001,56.119999,55.419998,55.770000,51.465221,8741000
2016-11-21,55.509998,56.160000,55.509998,56.099998,51.769749,8004000
2016-11-22,56.320000,57.150002,55.880001,57.119999,52.711021,10268700
2016-11-23,56.910000,57.639999,56.900002,57.590000,53.144745,8183600
2016-11-25,57.700001,57.700001,57.259998,57.430000,52.997089,3228800
2016-11-28,57.000000,57.860001,56.759998,57.590000,53.144745,8750900
2016-11-29,57.639999,58.209999,57.500000,58.169998,53.679970,10582900
2016-11-30,58.189999,58.250000,57.860001,57.970001,53.495407,9528000
2016-12-01,57.340000,58.520000,57.200001,58.509998,53.993721,12381600
2016-12-02,56.650002,57.750000,56.570000,57.209999,52.794064,16870000
2016-12-05,56.959999,57.840000,56.959999,57.500000,53.061684,7701200
2016-12-06,57.660000,57.700001,57.139999,57.439999,53.006313,7035700
2016-12-07,57.540001,58.849998,57.450001,58.759998,54.224426,9094800
2016-12-08,59.000000,59.250000,58.410000,58.650002,54.122925,7972500
2016-12-09,58.919998,58.950001,58.430000,58.750000,54.215202,7091300
2016-12-12,58.540001,58.790001,58.340000,58.770000,54.233662,7736200
2016-12-13,58.990002,59.540001,58.660000,59.310001,54.731972,8878100
2016-12-14,59.029999,59.250000,58.599998,58.750000,54.215202,9022900
2016-12-15,57.970001,58.209999,57.520000,57.709999,53.255474,11837800
2016-12-16,58.009998,58.070000,57.560001,57.660000,53.209339,10611500
2016-12-19,57.439999,57.980000,57.439999,57.650002,53.200108,6433800
2016-12-20,57.810001,58.060001,57.320000,57.700001,53.246250,4888300
2016-12-21,57.500000,57.869999,57.410000,57.439999,53.006313,5380500
2016-12-22,57.310001,57.400002,56.720001,57.110001,52.701794,6777700
2016-12-23,57.290001,57.360001,56.889999,57.009998,52.609512,4298500
2016-12-27,56.990002,57.389999,56.810001,56.860001,52.471092,4186200
2016-12-28,56.799999,56.900002,56.250000,56.349998,52.000450,5548700
2016-12-29,56.349998,56.470001,56.139999,56.320000,51.972771,3780900
2016-12-30,56.279999,56.450001,55.400002,55.520000,51.234524,8344500
2017-01-03,55.910000,55.950001,55.040001,55.349998,51.077644,7809300
2017-01-04,55.560001,56.200001,55.380001,55.990002,51.668243,7796300
2017-01-05,56.080002,56.529999,55.810001,56.459999,52.101967,7602300
2017-01-06,56.630001,57.270000,56.080002,57.130001,52.720249,8587800
2017-01-09,57.259998,58.340000,57.250000,58.200001,53.707653,12640500
2017-01-10,58.220001,58.259998,57.830002,57.880001,53.412357,6671800
2017-01-11,57.799999,58.119999,57.590000,58.099998,53.615379,6028000
2017-01-12,58.000000,58.130001,57.639999,58.029999,53.550774,4733000
2017-01-13,58.029999,58.099998,57.650002,57.849998,53.384674,4745600
2017-01-17,57.619999,58.250000,57.410000,58.000000,53.523094,5734700
2017-01-18,58.320000,58.580002,58.029999,58.450001,53.938358,7375700
2017-01-19,58.310001,58.450001,57.720001,57.889999,53.421581,7850500
2017-01-20,58.139999,58.200001,57.410000,57.660000,53.209339,7651600
2017-01-23,57.419998,57.900002,57.150002,57.759998,53.301620,6814400
2017-01-24,57.930000,58.500000,57.759998,58.439999,53.929131,10704100
2017-01-25,58.669998,58.930000,58.450001,58.700001,54.169064,7117600
2017-01-26,58.700001,59.000000,58.259998,58.459999,53.947590,12382400
2017-01-27,55.750000,56.590000,55.650002,56.119999,51.788204,28884900
2017-01-30,56.000000,56.240002,55.580002,55.900002,51.585190,13322000
2017-01-31,55.799999,55.869999,54.880001,55.220001,50.957676,14308000
2017-02-01,55.490002,55.500000,53.810001,53.900002,49.739571,18796900
2017-02-02,54.040001,54.389999,53.849998,53.869999,49.711887,15289700
2017-02-03,54.209999,55.099998,54.009998,55.060001,50.810028,14161700
2017-02-06,55.009998,55.750000,54.900002,55.730000,51.428307,13029800
2017-02-07,55.790001,55.840000,55.180000,55.240002,51.205837,9910500
2017-02-08,55.189999,55.500000,55.099998,55.220001,51.187302,11681900
2017-02-09,55.230000,56.119999,55.209999,55.810001,51.734211,11106800
2017-02-10,55.730000,56.400002,55.560001,56.220001,52.114269,11179000
2017-02-13,56.500000,56.660000,56.029999,56.110001,52.012299,8027900
2017-02-14,56.020000,56.610001,56.020000,56.580002,52.447983,8865900
2017-02-15,56.560001,56.880001,56.310001,56.860001,52.707531,6967200
2017-02-16,56.959999,56.990002,56.529999,56.730000,52.587017,8524500
2017-02-17,56.799999,57.570000,56.709999,57.349998,53.161739,11008400
2017-02-21,57.410000,57.810001,57.400002,57.540001,53.337872,8289200
2017-02-22,57.520000,57.849998,57.349998,57.570000,53.365673,7876600
2017-02-23,57.599998,57.790001,57.389999,57.639999,53.430565,7178600
2017-02-24,57.610001,57.709999,57.150002,57.480000,53.282249,7806200
2017-02-27,57.240002,57.299999,56.660000,56.779999,52.633369,7702400
2017-02-28,56.709999,57.060001,56.549999,56.869999,52.716801,8750700
2017-03-01,57.270000,57.400002,56.939999,57.139999,52.967079,7198000
2017-03-02,57.070000,57.189999,56.849998,57.119999,52.948544,6595400
2017-03-03,56.700001,57.259998,56.700001,57.099998,52.930000,7735900
2017-03-06,56.779999,56.810001,56.330002,56.680000,52.540672,9160000
2017-03-07,56.580002,56.750000,56.020000,56.200001,52.095726,10890300
2017-03-08,56.150002,56.349998,55.540001,55.740002,51.669319,13061600
2017-03-09,55.750000,55.799999,54.810001,55.189999,51.159485,17844200
2017-03-10,55.389999,55.400002,54.419998,54.529999,50.547688,13886400
2017-03-13,54.570000,54.880001,54.400002,54.630001,50.640381,9090200
2017-03-14,54.619999,54.740002,54.189999,54.270000,50.306679,7892900
2017-03-15,54.389999,54.650002,54.090000,54.540001,50.556961,8712000
2017-03-16,54.849998,54.990002,54.660000,54.799999,50.797970,8074300
2017-03-17,55.040001,56.130001,54.950001,55.779999,51.706394,15822100
2017-03-20,55.869999,56.049999,55.509998,55.810001,51.734211,7948400
2017-03-21,56.049999,56.450001,55.490002,55.540001,51.483925,8030600
2017-03-22,55.680000,56.040001,55.509998,55.889999,51.808376,8452100
2017-03-23,56.150002,56.430000,55.779999,55.849998,51.771286,7357200
2017-03-24,56.110001,57.380001,55.900002,56.810001,52.661179,15763000
2017-03-27,56.660000,57.450001,56.459999,57.230000,53.050510,8861800
2017-03-28,57.099998,57.520000,57.029999,57.349998,53.161739,8331600
2017-03-29,57.169998,57.849998,57.130001,57.540001,53.337872,7001600
2017-03-30,57.450001,58.299999,57.419998,58.160000,53.912586,8677900
2017-03-31,58.110001,58.660000,58.060001,58.389999,54.125790,9156700
2017-04-03,58.279999,58.470001,57.889999,58.439999,54.172138,8989000
2017-04-04,58.369999,58.410000,58.009998,58.320000,54.060913,6474800
2017-04-05,57.959999,59.270000,57.810001,58.220001,53.968204,13656200
2017-04-06,58.130001,58.360001,57.730000,57.919998,53.690121,9112500
2017-04-07,57.799999,58.250000,57.549999,58.020000,53.782818,6773800
2017-04-10,58.000000,58.209999,57.730000,57.950001,53.717926,5266300
2017-04-11,57.740002,58.160000,57.380001,57.880001,53.653038,5855100
2017-04-12,57.880001,57.900002,57.480000,57.580002,53.374950,5450300
2017-04-13,57.610001,57.790001,57.450001,57.509998,53.310055,4871700
2017-04-17,57.680000,58.250000,57.680000,58.080002,53.838440,5626000
2017-04-18,57.590000,58.480000,57.590000,58.349998,54.088711,5449300
2017-04-19,58.599998,59.490002,58.500000,59.040001,54.728329,12000600
2017-04-20,59.709999,60.340000,59.560001,60.080002,55.692375,12445900
2017-04-21,60.200001,60.689999,60.150002,60.610001,56.183662,8800000
2017-04-24,61.000000,61.380001,60.889999,61.110001,56.647152,10721300
2017-04-25,60.650002,61.209999,59.919998,60.959999,56.508106,11031500
2017-04-26,61.230000,61.750000,60.980000,61.560001,57.064293,8525400
2017-04-27,61.630001,61.939999,61.189999,61.299999,56.823277,15285300
2017-04-28,59.410000,60.180000,58.990002,60.060001,55.673836,25046100
2017-05-01,60.000000,60.599998,59.759998,60.180000,55.785069,10910300
2017-05-02,60.150002,60.520000,60.040001,60.500000,56.081703,9152100
2017-05-03,60.520000,60.669998,60.259998,60.590000,56.165127,7706400
2017-05-04,60.650002,60.849998,60.389999,60.830002,56.387604,6874300
2017-05-05,60.950001,60.990002,60.580002,60.950001,56.498829,6443300
2017-05-08,61.070000,61.070000,60.700001,60.939999,56.489571,5588400
2017-05-09,60.580002,61.080002,60.570000,60.980000,56.759499,5806600
2017-05-10,60.880001,60.980000,60.209999,60.660000,56.461651,7198400
2017-05-11,60.450001,60.509998,60.029999,60.270000,56.098637,5516900
2017-05-12,60.279999,60.340000,59.830002,59.930000,55.782166,5647500
2017-05-15,60.419998,60.490002,60.130001,60.450001,56.266186,5904100
2017-05-16,60.680000,60.700001,59.880001,59.980000,55.828709,6303500
2017-05-17,59.970001,60.320000,59.549999,59.730000,55.596004,7581200
2017-05-18,59.730000,59.939999,58.869999,59.820000,55.679783,8602400
2017-05-19,59.939999,61.919998,59.939999,61.360001,57.113194,12531000
2017-05-22,61.029999,61.720001,61.029999,61.230000,56.992195,6391600
2017-05-23,61.400002,61.500000,60.860001,61.150002,56.917732,5622500
2017-05-24,61.400002,62.000000,60.939999,61.889999,57.606510,7249300
2017-05-25,62.009998,63.110001,61.900002,62.900002,58.546612,8931800
2017-05-26,63.009998,63.419998,62.970001,63.299999,58.918926,6098000
2017-05-30,63.070000,63.410000,63.009998,63.259998,58.881695,7094600
2017-05-31,63.270000,63.610001,63.080002,63.610001,59.207466,7314600
2017-06-01,63.509998,63.820000,63.349998,63.750000,59.337784,6058300
2017-06-02,63.880001,64.680000,63.700001,64.570000,60.101025,7840400
2017-06-05,64.849998,64.870003,64.180000,64.269997,59.821793,6808900
2017-06-06,64.220001,64.349998,64.050003,64.160004,59.719410,5448400
2017-06-07,64.129997,64.300003,63.340000,63.500000,59.105083,8365000
2017-06-08,63.439999,63.580002,62.020000,62.240002,57.932293,11289300
2017-06-09,62.369999,62.480000,61.869999,62.189999,57.885750,11240500
2017-06-12,61.799999,61.990002,60.630001,61.290001,57.048042,11071600
2017-06-13,61.119999,61.259998,60.590000,60.919998,56.703648,9384900
2017-06-14,60.669998,60.820000,59.860001,60.270000,56.098637,9703300
2017-06-15,59.919998,60.279999,59.509998,60.090000,55.931087,7516000
2017-06-16,59.889999,60.160000,59.470001,60.139999,55.977634,11522400
2017-06-19,60.349998,61.000000,60.110001,60.900002,56.685032,6778000
2017-06-20,60.980000,61.000000,59.700001,59.860001,55.717014,6985700
2017-06-21,60.000000,60.310001,59.709999,59.959999,55.810093,6027600
2017-06-22,60.090000,60.099998,59.400002,59.509998,55.391239,5602000
2017-06-23,59.759998,60.169998,59.580002,59.810001,55.670475,6469500
2017-06-26,60.020000,60.150002,59.330002,59.639999,55.512238,5674600
2017-06-27,59.540001,59.689999,58.810001,58.959999,54.879303,5652400
2017-06-28,59.060001,59.250000,58.799999,59.180000,55.084068,5419200
2017-06-29,59.169998,59.180000,57.959999,58.360001,54.320835,7421200
2017-06-30,58.680000,58.950001,58.290001,58.310001,54.274296,8117100
2017-07-03,58.900002,58.990002,58.250000,58.250000,54.218452,4575300
2017-07-05,58.430000,58.500000,57.799999,57.939999,53.929897,7773600
2017-07-06,57.799999,57.919998,57.400002,57.599998,53.613430,8886600
2017-07-07,57.790001,58.360001,57.540001,58.040001,54.022984,7278300
2017-07-10,58.180000,58.349998,57.750000,57.810001,53.808903,4832100
2017-07-11,57.910000,58.080002,57.529999,57.900002,53.892662,5422300
2017-07-12,58.209999,58.709999,58.020000,58.540001,54.488365,7141900
2017-07-13,58.799999,58.869999,58.119999,58.380001,54.339451,8460200
2017-07-14,58.400002,58.919998,58.279999,58.759998,54.693146,5441400
2017-07-17,58.730000,58.869999,58.279999,58.330002,54.292904,6774500
2017-07-18,58.119999,58.580002,57.689999,58.209999,54.181210,7857500
2017-07-19,58.150002,58.410000,57.900002,58.110001,54.088135,8203600
2017-07-20,58.410000,58.840000,58.000000,58.029999,54.013672,10546700
2017-07-21,57.919998,58.259998,57.830002,57.980000,53.967133,6717200
2017-07-24,58.000000,58.250000,57.930000,58.020000,54.004368,7442600
2017-07-25,58.220001,58.840000,57.980000,58.549999,54.497681,7933100
2017-07-26,58.799999,58.840000,57.779999,57.939999,53.929897,8775900
2017-07-27,58.250000,59.660000,57.930000,59.500000,55.381931,23286700
2017-07-28,55.230000,55.959999,53.410000,54.000000,50.262589,53454800
2017-07-31,54.480000,54.680000,53.950001,53.980000,50.243973,20299400
2017-08-01,54.570000,54.790001,53.970001,54.730000,50.942062,18120900
2017-08-02,54.750000,55.450001,54.669998,55.430000,51.593616,14764900
2017-08-03,55.639999,56.119999,55.500000,55.680000,51.826317,13331500
2017-08-04,55.970001,56.049999,55.090000,55.439999,51.602921,9179800
2017-08-07,55.599998,55.930000,55.419998,55.630001,51.779781,7253900
2017-08-08,55.549999,55.580002,54.360001,54.520000,50.975685,11095300
2017-08-09,54.430000,54.430000,53.299999,53.740002,50.246391,16717700
2017-08-10,53.520000,53.750000,52.990002,53.070000,49.619949,13235300
2017-08-11,53.049999,53.400002,53.049999,53.180000,49.722805,9235000
2017-08-14,53.599998,53.599998,53.180000,53.220001,49.760204,7426500
2017-08-15,53.410000,53.419998,52.889999,53.150002,49.694748,6674600
2017-08-16,53.259998,53.919998,53.250000,53.500000,50.021992,7667100
2017-08-17,53.320000,53.779999,52.990002,53.040001,49.591896,7451700
2017-08-18,52.919998,53.090000,52.580002,52.700001,49.274006,10370500
2017-08-21,53.139999,53.520000,52.799999,53.150002,49.694748,12753200
2017-08-22,53.490002,54.740002,53.389999,54.450001,50.910236,14547600
2017-08-23,53.959999,54.099998,53.650002,54.080002,50.564293,11838500
2017-08-24,54.259998,54.450001,53.770000,53.939999,50.433384,8716700
2017-08-25,54.619999,54.689999,54.189999,54.360001,50.826084,8601100
2017-08-28,54.540001,54.580002,54.020000,54.400002,50.863487,6643700
2017-08-29,54.040001,54.290001,54.000000,54.099998,50.582981,6212400
2017-08-30,54.040001,54.619999,54.040001,54.520000,50.975685,5596600
2017-08-31,54.680000,54.990002,54.570000,54.860001,51.293579,8245300
2017-09-01,54.900002,55.160000,54.880001,54.930000,51.359028,7696300
2017-09-05,54.950001,55.200001,54.599998,55.130001,51.546028,9160500
2017-09-06,55.119999,55.279999,54.130001,54.310001,50.779339,11372300
2017-09-07,54.419998,54.680000,53.250000,53.470001,49.993942,13801900
2017-09-08,53.389999,53.779999,53.049999,53.490002,50.012646,11774500
2017-09-11,53.790001,54.130001,53.610001,54.020000,50.508183,9314100
2017-09-12,53.980000,54.049999,53.330002,53.540001,50.059399,10339400
2017-09-13,53.549999,54.720001,53.490002,54.290001,50.760639,12787900
2017-09-14,54.380001,54.709999,54.099998,54.529999,50.985035,8260800
2017-09-15,54.439999,54.790001,54.160000,54.669998,51.115940,10744800
2017-09-18,54.799999,54.970001,54.570000,54.689999,51.134632,6348400
2017-09-19,54.840000,54.880001,54.560001,54.619999,51.069180,5187100
2017-09-20,54.580002,55.180000,54.580002,55.150002,51.564732,7080000
2017-09-21,55.049999,55.169998,54.860001,55.009998,51.433830,7178500
2017-09-22,55.049999,55.200001,54.860001,55.090000,51.508629,6950000
2017-09-25,54.980000,55.220001,54.700001,54.950001,51.377735,10242700
2017-09-26,55.060001,55.220001,54.799999,55.130001,51.546028,8021900
2017-09-27,55.250000,55.599998,54.959999,54.990002,51.415131,8671300
2017-09-28,54.810001,55.080002,54.450001,54.500000,50.956985,7607500
2017-09-29,54.310001,54.470001,53.360001,53.709999,50.218338,11944400
2017-10-02,53.860001,54.040001,53.750000,53.810001,50.311844,5956000
2017-10-03,54.000000,54.340000,53.900002,53.990002,50.480141,6137100
2017-10-04,54.119999,54.200001,53.689999,53.930000,50.424042,5569100
2017-10-05,54.060001,54.970001,53.919998,54.599998,51.050484,7994300
2017-10-06,54.509998,55.450001,54.250000,55.169998,51.583424,10576300
2017-10-09,55.369999,55.490002,54.959999,55.020000,51.443176,5822900
2017-10-10,55.099998,55.849998,55.080002,55.419998,51.817169,6573900
2017-10-11,55.459999,55.799999,55.259998,55.639999,52.022877,8881900
2017-10-12,55.669998,56.270000,55.310001,55.970001,52.331417,7234300
2017-10-13,56.000000,56.430000,55.610001,55.720001,52.097672,6231100
2017-10-16,55.669998,55.799999,54.889999,54.910000,51.340332,7256900
2017-10-17,54.860001,55.230000,54.290001,54.509998,50.966331,11227300
2017-10-18,54.459999,55.430000,54.220001,55.209999,51.620819,8299500
2017-10-19,55.080002,55.540001,54.900002,55.400002,51.798485,5720200
2017-10-20,55.310001,55.400002,54.180000,54.570000,51.022434,11741100
2017-10-23,54.770000,54.939999,54.180000,54.270000,50.741936,10111100
2017-10-24,54.369999,54.560001,54.020000,54.279999,50.751282,7818500
2017-10-25,54.240002,54.389999,53.660000,54.160000,50.639088,8281200
2017-10-26,54.500000,55.750000,54.500000,54.910000,51.340332,12211400
2017-10-27,54.830002,55.119999,54.680000,54.880001,51.312283,9922600
2017-10-30,54.790001,55.230000,54.400002,55.169998,51.583424,6430900
2017-10-31,55.160000,55.310001,54.700001,54.840000,51.274879,8857800
2017-11-01,55.099998,55.590000,54.939999,55.130001,51.546028,7189800
2017-11-02,55.150002,55.389999,54.770000,54.869999,51.302929,16879000
2017-11-03,54.160000,56.939999,54.049999,56.029999,52.387524,28773800
2017-11-06,55.990002,56.689999,55.630001,56.570000,52.892414,10835700
2017-11-07,56.330002,57.290001,56.330002,57.220001,53.500153,11167400
2017-11-08,57.029999,58.009998,57.000000,57.910000,54.145298,13533700
2017-11-09,57.200001,57.660000,56.790001,57.360001,53.631058,14778900
2017-11-10,57.360001,57.389999,56.540001,57.040001,53.331856,7930300
2017-11-13,56.810001,57.139999,56.549999,56.639999,52.957863,7648200
2017-11-14,56.470001,57.000000,56.410000,56.930000,53.229012,7758200
2017-11-15,56.820000,57.060001,56.509998,56.700001,53.294804,8880500
2017-11-16,56.919998,57.419998,56.750000,57.240002,53.802376,8310200
2017-11-17,57.240002,57.430000,56.840000,56.930000,53.510998,6310800
2017-11-20,56.669998,57.049999,56.580002,56.810001,53.398205,6360100
2017-11-21,56.959999,57.560001,56.880001,57.259998,53.821175,6284300
2017-11-22,57.070000,57.180000,56.799999,57.139999,53.708385,7308500
2017-11-24,57.189999,57.189999,56.709999,56.799999,53.388805,3479000
2017-11-27,56.830002,56.919998,55.750000,55.910000,52.552254,10580300
2017-11-28,56.029999,56.720001,55.910000,56.660000,53.257206,9734400
2017-11-29,56.709999,57.680000,56.700001,57.509998,54.056160,10017900
2017-11-30,57.639999,58.139999,57.470001,57.820000,54.347546,11509200
2017-12-01,57.500000,57.709999,56.459999,57.320000,53.877571,12756400
2017-12-04,57.540001,59.189999,57.500000,58.759998,55.231094,13302100
2017-12-05,59.250000,59.680000,58.910000,59.340000,55.776260,11295600
2017-12-06,59.380001,59.830002,59.230000,59.279999,55.719860,8458200
2017-12-07,59.119999,59.279999,58.759998,59.139999,55.588272,6033800
2017-12-08,58.520000,58.849998,58.099998,58.610001,55.090099,9950500
2017-12-11,58.389999,59.349998,58.290001,59.070000,55.522476,10286600
2017-12-12,58.990002,59.360001,58.869999,59.270000,55.710461,6042900
2017-12-13,59.439999,59.889999,59.299999,59.490002,55.917252,7726300
2017-12-14,59.730000,60.049999,59.439999,59.700001,56.114639,8945900
2017-12-15,59.250000,59.369999,58.160000,58.290001,54.789310,22595000
2017-12-18,58.439999,58.790001,57.889999,58.029999,54.544933,8751600
2017-12-19,58.130001,58.580002,57.930000,58.009998,54.526138,7945700
2017-12-20,58.220001,58.290001,57.689999,57.730000,54.262947,7188700
2017-12-21,57.939999,58.150002,57.490002,57.580002,54.121960,5974500
2017-12-22,57.570000,57.910000,57.119999,57.299999,53.858772,7148700
2017-12-26,57.270000,57.580002,57.049999,57.139999,53.708385,5546200
2017-12-27,57.189999,57.650002,57.180000,57.270000,53.830582,4812200
2017-12-28,57.470001,58.000000,57.299999,57.810001,54.338150,5044500
2017-12-29,57.740002,57.970001,57.419998,57.430000,53.980965,5365600
2018-01-02,57.950001,58.209999,57.480000,57.630001,54.168961,7216000
2018-01-03,57.930000,58.959999,57.799999,58.709999,55.184090,7478400
2018-01-04,58.990002,59.410000,58.730000,58.930000,55.390881,5775900
2018-01-05,59.250000,59.689999,59.070000,59.610001,56.030048,6047700
2018-01-08,59.480000,59.669998,58.560001,59.310001,55.748062,6335800
2018-01-09,59.200001,59.470001,58.860001,59.180000,55.625870,5233400
2018-01-10,60.000000,60.130001,58.860001,59.820000,56.227432,8656500
2018-01-11,59.520000,60.020000,59.450001,60.000000,56.396626,5806300
2018-01-12,60.400002,60.509998,59.650002,60.400002,56.772602,6989100
2018-01-16,60.330002,61.099998,60.299999,60.560001,56.923000,8040700
2018-01-17,61.000000,61.330002,60.520000,60.660000,57.016987,8433800
2018-01-18,61.430000,61.439999,60.740002,61.090000,57.421162,9170900
2018-01-19,61.209999,61.459999,60.950001,61.259998,57.580948,8361900
2018-01-22,61.040001,61.470001,60.770000,61.410000,57.721947,11945800
2018-01-23,61.320000,61.910000,61.139999,61.689999,57.985123,10806800
2018-01-24,61.509998,61.939999,60.230000,60.830002,57.176773,11911900
2018-01-25,61.029999,61.200001,60.400002,60.549999,56.913593,16225600
2018-01-26,57.939999,58.169998,56.549999,57.990002,54.507339,51851700
2018-01-29,57.549999,58.349998,56.910000,57.020000,53.595596,18899900
2018-01-30,56.959999,57.540001,56.740002,57.189999,53.755375,14341200
2018-01-31,57.230000,57.450001,56.700001,56.810001,53.398205,13118400
2018-02-01,56.279999,56.419998,55.889999,56.000000,52.636845,14690100
2018-02-02,55.900002,56.320000,55.700001,55.770000,52.420658,15358900
2018-02-05,55.529999,56.259998,54.570000,54.689999,51.405521,16060000
2018-02-06,53.689999,56.060001,53.560001,55.610001,52.270275,17415100
2018-02-07,55.080002,55.430000,54.439999,54.459999,51.466980,13927000
2018-02-08,54.500000,54.790001,53.750000,53.770000,50.814907,17736700
2018-02-09,54.200001,55.060001,53.650002,54.580002,51.580383,19382000
2018-02-12,54.860001,55.730000,54.549999,55.380001,52.336422,10969000
2018-02-13,55.250000,55.720001,55.020000,55.669998,52.610485,10416400
2018-02-14,55.470001,56.700001,55.290001,55.990002,52.912895,14190300
2018-02-15,56.360001,56.830002,55.900002,56.580002,53.470478,10294900
2018-02-16,56.650002,57.049999,56.340000,56.480000,53.375965,10151300
2018-02-20,56.290001,56.540001,55.830002,55.970001,52.893997,9450900
2018-02-21,55.930000,56.740002,55.860001,56.099998,53.016853,7851000
2018-02-22,55.950001,56.139999,55.259998,55.400002,52.355331,10172400
2018-02-23,55.650002,56.150002,54.799999,56.139999,53.054657,11394400
2018-02-26,56.419998,57.349998,56.320000,57.169998,54.028046,8713800
2018-02-27,57.290001,57.639999,56.560001,56.570000,53.461025,8821400
2018-02-28,56.840000,57.919998,56.830002,57.099998,53.961895,11541100
2018-03-01,57.000000,57.560001,55.830002,56.169998,53.082996,11127600
2018-03-02,55.720001,57.200001,55.680000,56.930000,53.801231,11555100
2018-03-05,56.830002,57.419998,56.680000,56.990002,53.857937,7835400
2018-03-06,57.250000,57.250000,56.540001,57.029999,53.895737,8046800
2018-03-07,56.619999,57.169998,56.619999,57.029999,53.895737,7044100
2018-03-08,57.290001,57.799999,57.130001,57.470001,54.311558,7434700
2018-03-09,57.669998,58.630001,57.669998,58.459999,55.247147,9539600
2018-03-12,58.669998,59.680000,58.480000,59.400002,56.135490,10550300
2018-03-13,59.700001,60.700001,58.889999,59.049999,55.804726,10411400
2018-03-14,59.279999,59.720001,58.709999,58.830002,55.596821,6488500
2018-03-15,58.930000,60.070000,58.820000,59.369999,56.107136,7377000
2018-03-16,59.380001,59.650002,58.939999,59.000000,55.757473,13030900
2018-03-19,58.700001,58.849998,57.799999,58.299999,55.095947,9350600
2018-03-20,58.450001,58.980000,58.450001,58.660000,55.436153,5888400
2018-03-21,58.750000,59.549999,58.389999,58.470001,55.256599,6569100
2018-03-22,58.029999,58.720001,57.750000,57.770000,54.595066,6846500
2018-03-23,57.779999,57.930000,56.310001,56.310001,53.215309,9476800
2018-03-26,56.959999,58.000000,56.549999,57.799999,54.623425,8444900
2018-03-27,58.099998,58.500000,57.139999,57.459999,54.302105,7562900
2018-03-28,57.500000,58.099998,57.220001,57.900002,54.717930,9301900
2018-03-29,57.259998,58.139999,56.830002,57.889999,54.708477,12015200
2018-04-02,57.520000,57.730000,55.380001,56.240002,53.149166,16778300
2018-04-03,56.549999,58.049999,56.450001,58.000000,54.812431,10908200
2018-04-04,57.250000,58.970001,57.209999,58.830002,55.596821,7893100
2018-04-05,59.000000,59.270000,58.860001,59.139999,55.889778,6305100
2018-04-06,58.779999,59.139999,58.090000,58.340000,55.133747,8264500
2018-04-09,58.540001,59.369999,58.419998,58.700001,55.473961,8023800
2018-04-10,59.110001,59.490002,58.869999,59.410000,56.144947,6545000
2018-04-11,59.189999,59.709999,59.000000,59.419998,56.154388,5508000
2018-04-12,59.660000,60.119999,59.419998,59.430000,56.163845,6088200
2018-04-13,59.000000,59.549999,58.959999,59.240002,55.984283,6689800
2018-04-16,59.130001,59.689999,58.840000,59.430000,56.163845,6119200
2018-04-17,59.750000,60.000000,59.400002,59.830002,56.541862,6139600
2018-04-18,59.730000,59.830002,59.439999,59.500000,56.229992,5914200
2018-04-19,59.419998,59.490002,58.730000,59.220001,55.965378,6280100
2018-04-20,59.029999,59.180000,57.799999,58.000000,54.812431,12037600
2018-04-23,58.009998,58.730000,57.689999,58.160000,54.963634,8444400
2018-04-24,58.480000,58.660000,57.650002,57.810001,54.632874,7793600
2018-04-25,58.270000,58.270000,57.290001,57.709999,54.538368,8367400
2018-04-26,58.110001,60.180000,57.849998,59.380001,56.116585,14516600
2018-04-27,58.070000,58.980000,57.500000,58.360001,55.152645,11975200
2018-04-30,58.389999,58.509998,57.459999,57.570000,54.406063,7854600
2018-05-01,57.669998,58.250000,57.439999,58.130001,54.935287,7257500
2018-05-02,58.060001,58.090000,56.529999,56.700001,53.583874,7299100
2018-05-03,56.520000,56.570000,55.540001,56.130001,53.045204,7152400
2018-05-04,56.540001,57.930000,56.490002,57.680000,54.510017,9279200
2018-05-07,58.990002,59.040001,57.270000,57.450001,54.292656,10630600
2018-05-08,57.450001,57.709999,57.000000,57.669998,54.500565,7234000
2018-05-09,57.430000,57.619999,56.790001,57.040001,54.187073,7015300
2018-05-10,57.180000,57.700001,57.020000,57.650002,54.766560,6565800
2018-05-11,57.720001,57.860001,57.070000,57.270000,54.405571,5843400
2018-05-14,57.360001,57.509998,56.990002,57.130001,54.272579,5871800
2018-05-15,57.000000,57.099998,56.349998,56.639999,53.807076,7415800
2018-05-16,56.830002,57.330002,56.790001,57.150002,54.291569,4843900
2018-05-17,57.200001,57.349998,56.980000,57.200001,54.339062,6110100
2018-05-18,57.270000,57.389999,56.860001,57.160000,54.301067,7786000
2018-05-21,57.400002,57.820000,57.259998,57.340000,54.472073,5379300
2018-05-22,57.500000,57.619999,56.910000,56.959999,54.111073,5355600
2018-05-23,56.799999,57.570000,56.759998,57.490002,54.614567,5339900
2018-05-24,57.439999,57.740002,57.119999,57.680000,54.795063,5681600
2018-05-25,57.680000,58.380001,57.580002,57.919998,55.023056,6783800
2018-05-29,57.700001,57.880001,57.009998,57.230000,54.367569,6475900
2018-05-30,57.430000,57.660000,57.150002,57.480000,54.605064,5762400
2018-05-31,57.180000,57.470001,56.549999,56.669998,53.835571,9433000
2018-06-01,56.840000,57.029999,56.610001,56.910000,54.063572,4967700
2018-06-04,57.099998,57.200001,56.799999,57.070000,54.215569,7484100
2018-06-05,56.689999,56.700001,55.279999,55.680000,52.895096,18278800
2018-06-06,55.840000,57.180000,55.619999,57.169998,54.310570,13709800
2018-06-07,57.290001,57.939999,57.090000,57.139999,54.282074,7919800
2018-06-08,56.919998,57.060001,56.520000,56.599998,53.769077,8433500
2018-06-11,56.610001,56.740002,56.270000,56.480000,53.655079,7181700
2018-06-12,56.599998,56.900002,56.299999,56.480000,53.655079,8249700
2018-06-13,56.509998,56.700001,56.180000,56.209999,53.398586,8283200
2018-06-14,56.459999,57.070000,56.310001,57.020000,54.168076,11049700
2018-06-15,57.040001,57.209999,56.459999,57.110001,54.253571,12408300
2018-06-18,56.770000,57.320000,56.110001,57.220001,54.358070,9676900
2018-06-19,56.650002,57.500000,56.340000,57.430000,54.557568,9965500
2018-06-20,54.830002,55.009998,51.580002,52.220001,49.608147,62091100
2018-06-21,52.290001,52.630001,50.360001,50.619999,48.088173,30723000
2018-06-22,51.000000,51.720001,50.820000,51.240002,48.677166,24429600
2018-06-25,51.160000,51.439999,50.209999,50.660000,48.126179,15578600
2018-06-26,50.509998,50.630001,50.110001,50.380001,47.860184,12930600
2018-06-27,50.520000,50.529999,49.840000,49.840000,47.347195,14576900
2018-06-28,49.450001,49.480000,47.369999,48.540001,46.112209,33210100
2018-06-29,48.080002,49.259998,48.080002,48.849998,46.406700,17413000
2018-07-02,48.639999,49.099998,48.549999,49.060001,46.606205,9870900
2018-07-03,49.150002,49.299999,48.759998,48.770000,46.330711,7517500
2018-07-05,48.919998,49.029999,48.400002,48.610001,46.178715,9630500
2018-07-06,48.900002,49.189999,48.580002,48.980000,46.530205,10712000
2018-07-09,49.209999,50.049999,49.209999,49.900002,47.404194,12811700
2018-07-10,50.080002,50.509998,49.959999,50.419998,47.898186,9038000
2018-07-11,50.220001,50.480000,50.020000,50.139999,47.632183,9542400
2018-07-12,50.360001,50.660000,50.200001,50.250000,47.736679,9339200
2018-07-13,50.259998,51.650002,50.259998,51.619999,49.038162,21718400
2018-07-16,51.549999,51.549999,50.689999,50.939999,48.392170,16974900
2018-07-17,50.660000,51.299999,50.599998,51.279999,48.715164,11421300
2018-07-18,51.340000,51.619999,51.000000,51.150002,48.591671,13549500
2018-07-19,51.110001,51.490002,51.000000,51.340000,48.772160,11415600
2018-07-20,51.060001,51.240002,50.750000,50.910000,48.363678,11024100
2018-07-23,50.759998,51.270000,50.759998,51.189999,48.629665,8406800
2018-07-24,51.299999,51.720001,51.060001,51.169998,48.610664,9921500
2018-07-25,51.009998,51.720001,51.009998,51.619999,49.038162,11368000
2018-07-26,51.680000,51.840000,51.340000,51.450001,48.876663,11114800
2018-07-27,51.500000,52.599998,50.209999,52.150002,49.541660,15770300
2018-07-30,52.200001,52.849998,51.759998,51.900002,49.304157,14448400
2018-07-31,52.029999,52.689999,51.849998,52.389999,49.769650,9228200
2018-08-01,52.240002,52.240002,51.250000,51.930000,49.332657,11952400
2018-08-02,52.099998,52.349998,51.430000,51.680000,49.095158,13636400
2018-08-03,51.700001,52.450001,51.580002,52.230000,49.617645,8246100
2018-08-06,52.099998,52.270000,51.799999,52.070000,49.465652,6505800
2018-08-07,52.080002,52.209999,51.799999,52.070000,49.465652,5869400
2018-08-08,51.830002,51.930000,51.360001,51.549999,49.312595,7257200
2018-08-09,51.529999,52.020000,51.320000,51.919998,49.666534,7175400
2018-08-10,51.590000,51.630001,51.200001,51.509998,49.274330,10539300
2018-08-13,51.619999,51.959999,51.470001,51.810001,49.561314,7911300
2018-08-14,51.849998,52.740002,51.790001,52.590000,50.307461,9385400
2018-08-15,52.310001,52.939999,52.299999,52.750000,50.460514,9566000
2018-08-16,52.980000,53.360001,52.919998,53.040001,50.737926,8721200
2018-08-17,52.950001,53.610001,52.950001,53.560001,51.235359,8166900
2018-08-20,53.709999,54.160000,53.700001,53.919998,51.579735,9791200
2018-08-21,54.169998,54.439999,53.950001,54.000000,51.656261,7990000
2018-08-22,53.549999,53.639999,52.660000,52.820000,50.527477,10369600
2018-08-23,52.759998,53.189999,52.560001,52.660000,50.374424,8567600
2018-08-24,52.820000,52.919998,52.419998,52.750000,50.460514,9849800
2018-08-27,52.990002,53.180000,52.810001,52.970001,50.670967,6443200
2018-08-28,53.020000,53.470001,52.980000,53.049999,50.747490,7171900
2018-08-29,53.070000,53.439999,52.720001,53.250000,50.938812,6604900
2018-08-30,53.119999,53.410000,52.970001,53.099998,50.795326,5576400
2018-08-31,52.459999,53.709999,52.450001,53.450001,51.130127,10892800
2018-09-04,53.439999,53.689999,53.209999,53.529999,51.206657,8235200
2018-09-05,53.470001,53.980000,53.290001,53.790001,51.455376,7966300
2018-09-06,53.660000,54.349998,53.650002,54.209999,51.857147,7803400
2018-09-07,54.200001,54.959999,54.160000,54.860001,52.478939,10231700
2018-09-10,54.939999,55.110001,54.570000,54.970001,52.584160,8621000
2018-09-11,54.830002,55.400002,54.770000,55.119999,52.727654,7873900
2018-09-12,55.200001,55.200001,54.330002,54.970001,52.584160,7297300
2018-09-13,55.119999,55.570000,54.740002,54.889999,52.507629,8566600
2018-09-14,55.000000,55.000000,54.610001,54.750000,52.373711,6827700
2018-09-17,54.700001,54.860001,54.279999,54.570000,52.201527,9277200
2018-09-18,54.480000,55.279999,54.099998,55.070000,52.679821,7569600
2018-09-19,55.220001,55.790001,54.900002,55.430000,53.024189,7451600
2018-09-20,55.599998,56.730000,55.599998,56.430000,53.980793,10582600
2018-09-21,56.549999,57.570000,56.520000,57.450001,54.956520,25800500
2018-09-24,56.939999,57.360001,56.580002,56.689999,54.229500,10616000
2018-09-25,56.980000,57.290001,56.830002,56.900002,54.430393,9445500
2018-09-26,56.770000,57.840000,56.750000,57.270000,54.784332,7757300
2018-09-27,57.099998,57.790001,57.099998,57.340000,54.851299,6606200
2018-09-28,57.389999,57.389999,56.779999,56.840000,54.372997,8975900
2018-10-01,56.910000,56.950001,55.529999,55.580002,53.167686,12726900
2018-10-02,55.549999,56.009998,55.290001,55.590000,53.177254,12680800
2018-10-03,55.799999,56.110001,55.459999,55.470001,53.062462,7383500
2018-10-04,55.779999,56.080002,55.500000,55.889999,53.464237,9722000
2018-10-05,55.950001,55.950001,55.310001,55.759998,53.339870,9734000
2018-10-08,55.820000,56.750000,55.450001,56.540001,54.086021,9623900
2018-10-09,56.830002,59.700001,56.810001,57.709999,55.205235,24855700
2018-10-10,57.669998,57.869999,55.939999,56.009998,53.579018,14190500
2018-10-11,55.700001,56.270000,54.709999,54.860001,52.478939,15316900
2018-10-12,55.709999,56.779999,55.279999,56.450001,53.999928,13980500
2018-10-15,56.369999,57.189999,56.310001,56.750000,54.286900,10175100
2018-10-16,56.939999,58.009998,56.770000,57.810001,55.300900,11731400
2018-10-17,57.900002,59.400002,57.779999,59.099998,56.534912,14631000
2018-10-18,59.000000,59.529999,58.150002,58.639999,56.094872,12184700
2018-10-19,58.389999,59.070000,58.389999,58.660000,56.114006,10180500
2018-10-22,58.930000,59.360001,58.580002,58.900002,56.343590,8680200
2018-10-23,58.360001,59.299999,58.209999,58.810001,56.257496,12834200
2018-10-24,58.570000,59.279999,57.950001,58.060001,55.540051,12189700
2018-10-25,58.290001,59.470001,57.700001,58.959999,56.400986,9569600
2018-10-26,58.040001,58.360001,57.389999,58.070000,55.549614,13367600
2018-10-29,58.680000,59.680000,57.700001,58.369999,55.836594,14412800
2018-10-30,58.430000,58.869999,57.689999,58.590000,56.047047,14230100
2018-10-31,58.980000,59.119999,58.209999,58.270000,55.740932,11560400
2018-11-01,58.299999,59.070000,58.070000,58.630001,56.085304,18772400
2018-11-02,61.990002,65.680000,61.900002,64.320000,61.528343,45573000
2018-11-05,63.930000,65.129997,63.820000,64.480003,61.681400,23242600
2018-11-06,64.300003,66.080002,64.250000,66.010002,63.144993,16065400
2018-11-07,66.290001,68.209999,66.040001,68.160004,65.201683,16465000
2018-11-08,67.779999,68.980003,67.629997,68.720001,65.737389,14081700
2018-11-09,68.489998,68.959999,68.080002,68.599998,65.622581,8637200
2018-11-12,68.440002,68.940002,67.800003,67.910004,64.962524,12789600
2018-11-13,67.940002,68.279999,67.099998,67.410004,64.484222,16637000
2018-11-14,67.300003,67.949997,66.730003,67.040001,64.474609,13350500
2018-11-15,66.709999,67.760002,66.360001,67.620003,65.032425,15246500
2018-11-16,67.300003,68.529999,67.089996,68.160004,65.551758,9287900
2018-11-19,68.099998,68.470001,67.230003,67.910004,65.311325,10855400
2018-11-20,67.389999,67.879997,66.760002,67.180000,64.609261,11208900
2018-11-21,67.470001,67.980003,66.750000,66.769997,64.214951,10978100
2018-11-23,66.239998,66.239998,65.260002,65.699997,63.185898,7779800
2018-11-26,65.980003,66.120003,65.209999,65.690002,63.176277,13066800
2018-11-27,65.459999,66.550003,65.309998,66.080002,63.551350,13169100
2018-11-28,66.180000,66.989998,65.480003,66.820000,64.263031,12867600
2018-11-29,66.680000,67.279999,66.120003,66.879997,64.320732,9605500
2018-11-30,66.860001,67.379997,66.650002,66.720001,64.166862,27308900
2018-12-03,67.370003,68.059998,66.660004,67.500000,64.917007,13834300
2018-12-04,67.470001,68.150002,66.449997,66.650002,64.099541,13555100
2018-12-06,66.129997,66.669998,65.589996,66.550003,64.003365,17222200
2018-12-07,66.169998,66.639999,65.199997,65.470001,62.964695,11057500
2018-12-10,65.470001,65.800003,64.449997,65.489998,62.983932,12148300
2018-12-11,66.220001,66.919998,65.519997,65.919998,63.397480,10903100
2018-12-12,66.000000,66.930000,66.000000,66.129997,63.599434,11115800
2018-12-13,66.290001,67.220001,66.129997,66.910004,64.349594,10016200
2018-12-14,64.440002,65.839996,63.580002,65.339996,62.839657,16834000
2018-12-17,65.000000,65.629997,64.080002,64.470001,62.002964,15143100
2018-12-18,64.769997,65.400002,64.550003,64.919998,62.435745,10523500
2018-12-19,65.160004,65.900002,63.680000,64.059998,61.608643,14390100
2018-12-20,63.610001,63.799999,61.450001,62.150002,59.771736,20264600
2018-12-21,62.310001,63.209999,61.380001,61.389999,59.040817,23524900
2018-12-24,61.480000,61.820000,60.419998,60.560001,58.242584,6323300
2018-12-26,60.950001,63.230000,60.669998,63.080002,60.666157,16646200
2018-12-27,62.619999,63.240002,61.619999,63.200001,60.781555,11308100
2018-12-28,63.310001,64.120003,63.169998,63.389999,60.964287,7711900
2018-12-31,63.770000,64.610001,63.660000,64.400002,61.935635,7689800
2019-01-02,63.680000,64.370003,63.209999,64.320000,61.858704,10094000
2019-01-03,63.459999,63.720001,61.400002,61.529999,59.175465,14390100
2019-01-04,62.400002,64.250000,62.080002,63.570000,61.137402,12694400
2019-01-07,63.349998,64.239998,62.740002,63.570000,61.137402,10337600
2019-01-08,63.939999,64.290001,63.049999,63.619999,61.185478,10809700
2019-01-09,63.650002,64.040001,62.950001,63.880001,61.435539,13080300
2019-01-10,63.610001,64.389999,63.240002,64.190002,61.733681,10397600
2019-01-11,62.290001,63.840000,61.669998,63.730000,61.291275,13805700
2019-01-14,63.349998,64.059998,62.980000,63.369999,60.945057,9929600
2019-01-15,63.580002,64.629997,63.450001,64.080002,61.627884,7930400
2019-01-16,64.199997,64.820000,63.750000,63.770000,61.329750,8091300
2019-01-17,63.680000,64.389999,63.599998,64.279999,61.820232,6767100
2019-01-18,64.809998,64.809998,63.860001,64.699997,62.224159,9835200
2019-01-22,64.900002,66.209999,64.750000,65.389999,62.887756,16414300
2019-01-23,65.879997,66.699997,65.809998,66.430000,63.887962,12372400
2019-01-24,66.610001,66.760002,62.930000,64.739998,62.262630,29719800
2019-01-25,67.029999,67.690002,66.099998,67.089996,64.522690,21885800
2019-01-28,66.190002,66.959999,65.910004,66.900002,64.339981,11537700
2019-01-29,67.000000,67.500000,66.199997,67.040001,64.474609,10703400
2019-01-30,67.110001,68.209999,67.050003,68.150002,65.542145,11702500
2019-01-31,68.180000,69.489998,67.080002,68.139999,65.532524,24233300
2019-02-01,68.589996,69.320000,68.000000,68.110001,65.503662,10309200
2019-02-04,68.029999,68.110001,67.080002,67.580002,64.993950,13562400
2019-02-05,67.760002,69.410004,67.639999,69.339996,66.686584,12781600
2019-02-06,69.230003,69.389999,68.500000,68.849998,66.560921,10283400
2019-02-07,68.599998,69.209999,68.480003,69.139999,66.841278,10109200
2019-02-08,68.769997,69.820000,68.599998,69.750000,67.430992,8862000
2019-02-11,70.000000,70.470001,69.849998,69.989998,67.663017,9229700
2019-02-12,70.239998,70.459999,69.709999,69.750000,67.430992,8848900
2019-02-13,69.809998,70.599998,69.800003,70.510002,68.165733,10264000
2019-02-14,70.129997,71.540001,69.970001,70.839996,68.484764,9441100
2019-02-15,71.150002,71.370003,70.190002,70.709999,68.359085,13924600
2019-02-19,70.459999,70.599998,69.779999,70.199997,67.866028,9208400
2019-02-20,70.230003,70.599998,70.050003,70.389999,68.049728,9671800
2019-02-21,70.139999,70.930000,70.139999,70.699997,68.349411,10933500
2019-02-22,70.760002,71.389999,70.750000,71.300003,68.929474,11311600
2019-02-25,71.900002,72.070000,70.980003,71.050003,68.687775,12071200
2019-02-26,71.000000,71.449997,70.919998,71.139999,68.774788,12302300
2019-02-27,70.830002,71.129997,69.919998,70.150002,67.817696,13274800
2019-02-28,70.139999,70.489998,69.779999,70.260002,67.924049,18956700
2019-03-01,70.629997,71.110001,70.449997,70.849998,68.494431,8067700
2019-03-04,70.989998,71.349998,70.370003,70.949997,68.591095,9219700
2019-03-05,71.190002,71.889999,71.059998,71.580002,69.200165,10496100
2019-03-06,71.809998,72.180000,71.160004,71.269997,68.900452,7666100
2019-03-07,71.199997,71.360001,70.459999,70.610001,68.262413,7814700
2019-03-08,70.150002,70.269997,69.029999,69.360001,67.053963,12363900
2019-03-11,69.379997,70.010002,69.139999,69.680000,67.363342,11518300
2019-03-12,69.739998,70.580002,69.690002,70.050003,67.721031,12751700
2019-03-13,70.089996,70.900002,69.980003,70.099998,67.769356,13798600
2019-03-14,70.190002,70.889999,70.190002,70.739998,68.388084,9249200
2019-03-15,70.800003,71.209999,70.540001,70.669998,68.320419,13096900
2019-03-18,70.779999,71.120003,70.440002,70.839996,68.484764,5682400
2019-03-19,70.949997,71.699997,70.870003,71.379997,69.006805,7810700
2019-03-20,71.800003,72.400002,71.339996,71.629997,69.248505,9512400
2019-03-21,71.320000,72.440002,71.320000,72.260002,69.857552,8044400
2019-03-22,72.050003,72.410004,71.690002,71.959999,69.567535,8022800
2019-03-25,72.000000,72.480003,71.730003,72.300003,69.896217,6453800
2019-03-26,72.720001,73.190002,72.330002,72.959999,70.534271,7624000
2019-03-27,72.940002,73.260002,72.620003,72.739998,70.321602,7662700
2019-03-28,72.970001,73.980003,72.889999,73.959999,71.501038,6709600
2019-03-29,74.010002,74.480003,73.529999,74.339996,71.868385,9099500
2019-04-01,74.760002,74.930000,73.730003,73.959999,71.501038,8108400
2019-04-02,74.010002,74.449997,73.839996,74.269997,71.800720,5520900
2019-04-03,74.559998,74.779999,73.870003,74.330002,71.858727,6755600
2019-04-04,74.500000,74.669998,73.980003,74.349998,71.878067,5449800
2019-04-05,74.349998,75.080002,74.349998,75.029999,72.535461,5346200
2019-04-08,74.470001,75.300003,74.470001,75.199997,72.699799,5140400
2019-04-09,74.870003,75.230003,74.800003,75.120003,72.622475,4905800
2019-04-10,75.209999,75.820000,75.209999,75.480003,72.970497,6066300
2019-04-11,75.750000,76.070000,75.650002,75.870003,73.347527,6042600
2019-04-12,76.099998,76.949997,76.070000,76.650002,74.101601,5194800
2019-04-15,76.669998,76.699997,76.080002,76.160004,73.627899,7632200
2019-04-16,76.480003,76.559998,75.360001,75.699997,73.183182,8336600
2019-04-17,75.610001,75.959999,74.800003,75.120003,72.622475,9439000
2019-04-18,75.480003,76.260002,75.209999,76.059998,73.531204,6607800
2019-04-22,75.709999,76.059998,75.209999,75.400002,72.893166,4883100
2019-04-23,75.480003,76.059998,75.410004,75.989998,73.463524,5273900
2019-04-24,76.050003,76.879997,75.910004,76.389999,73.850235,9347300
2019-04-25,76.110001,77.230003,75.949997,77.110001,74.546303,11084500
2019-04-26,76.949997,77.519997,75.059998,77.449997,74.875000,12550500
2019-04-29,77.300003,77.669998,76.589996,76.910004,74.352959,5426800
2019-04-30,77.000000,77.790001,76.690002,77.680000,75.097351,7384400
2019-05-01,77.669998,78.150002,77.370003,77.519997,74.942665,6678000
2019-05-02,77.660004,77.760002,76.750000,77.470001,74.894341,6247500
2019-05-03,77.589996,78.400002,77.339996,78.050003,75.455055,4967900
2019-05-06,77.199997,78.080002,77.019997,78.059998,75.464714,5607500
2019-05-07,77.570000,78.739998,77.419998,77.959999,75.368034,8115800
2019-05-08,77.580002,78.639999,77.120003,78.050003,75.805107,7799900
2019-05-09,77.580002,78.230003,77.349998,77.900002,75.659424,7326600
2019-05-10,77.629997,78.800003,77.160004,78.419998,76.164459,6448600
2019-05-13,77.250000,77.779999,76.080002,76.680000,74.474510,9778500
2019-05-14,76.750000,77.739998,76.680000,77.059998,74.843575,6870900
2019-05-15,76.690002,77.940002,76.529999,77.760002,75.523438,5415500
2019-05-16,77.660004,79.239998,77.570000,78.900002,76.630661,6941800
2019-05-17,78.519997,79.650002,78.370003,78.910004,76.640381,7379900
2019-05-20,78.300003,78.419998,76.570000,76.660004,74.455078,11475000
2019-05-21,77.050003,77.849998,76.750000,77.529999,75.300056,5808500
2019-05-22,77.199997,77.720001,76.910004,77.250000,75.028107,5602300
2019-05-23,76.879997,76.940002,75.690002,76.410004,74.212265,9213200
2019-05-24,76.830002,77.059998,75.970001,76.150002,73.959755,5627600
2019-05-28,76.360001,76.680000,75.320000,75.699997,73.522682,16205200
2019-05-29,75.330002,75.489998,74.330002,75.279999,73.114769,10511600
2019-05-30,75.650002,76.430000,75.629997,76.169998,73.979172,7178400
2019-05-31,75.599998,76.320000,75.379997,76.059998,73.872330,7625700
2019-06-03,76.120003,76.529999,75.650002,76.220001,74.027733,8122200
2019-06-04,76.769997,78.760002,76.660004,78.519997,76.261581,11685000
2019-06-05,78.790001,79.970001,78.660004,79.959999,77.660164,7437100
2019-06-06,80.029999,81.629997,79.900002,81.400002,79.058739,10457200
2019-06-07,81.599998,83.330002,81.510002,82.480003,80.107697,11278800
2019-06-10,82.849998,82.860001,81.379997,81.930000,79.573502,8102800
2019-06-11,82.300003,82.860001,81.849998,82.370003,80.000847,6226400
2019-06-12,82.589996,83.669998,82.320000,82.930000,80.544739,6088800
2019-06-13,83.330002,84.050003,83.019997,83.349998,80.952652,7156800
2019-06-14,83.540001,84.610001,83.389999,84.239998,81.817055,9226500
2019-06-17,84.650002,84.690002,82.889999,83.019997,80.632149,9313700
2019-06-18,83.550003,84.110001,82.889999,82.919998,80.535019,10582600
2019-06-19,83.080002,83.919998,82.080002,83.809998,81.399414,5401400
2019-06-20,84.410004,84.830002,83.830002,84.690002,82.254120,5215800
2019-06-21,84.430000,84.769997,83.809998,83.820000,81.409134,12610000
2019-06-24,84.080002,84.559998,83.610001,83.650002,81.244019,6692500
2019-06-25,84.199997,85.199997,83.959999,84.250000,81.826767,7312300
2019-06-26,84.300003,84.300003,83.180000,83.379997,80.981789,7576400
2019-06-27,83.550003,83.889999,83.209999,83.559998,81.156616,6084200
2019-06-28,83.559998,83.959999,83.320000,83.830002,81.418854,6735300
2019-07-01,84.620003,84.959999,84.029999,84.550003,82.118141,7935100
2019-07-02,84.739998,85.589996,84.519997,85.510002,83.050537,6205800
2019-07-03,86.040001,87.820000,85.980003,87.790001,85.264961,7818600
2019-07-05,87.500000,87.889999,86.879997,87.790001,85.264961,5733100
2019-07-08,87.599998,87.949997,87.180000,87.440002,84.925018,6359500
2019-07-09,87.290001,87.650002,86.889999,87.230003,84.721062,5355400
2019-07-10,87.419998,88.540001,87.419998,88.379997,85.837982,5293000
2019-07-11,88.660004,89.290001,88.269997,89.070000,86.508141,6191400
2019-07-12,89.279999,89.820000,88.849998,89.769997,87.188011,5628000
2019-07-15,89.870003,90.339996,89.660004,90.160004,87.566795,6061300
2019-07-16,90.220001,90.480003,89.589996,90.080002,87.489082,5591900
2019-07-17,90.080002,90.379997,89.730003,90.250000,87.654198,4635900
2019-07-18,90.330002,91.540001,89.949997,91.500000,88.868240,6471400
2019-07-19,91.410004,91.610001,90.230003,90.300003,87.702759,10804800
2019-07-22,90.519997,91.180000,90.050003,90.919998,88.304932,5636600
2019-07-23,91.250000,91.360001,89.169998,90.110001,87.518227,7609200
2019-07-24,89.900002,90.750000,89.680000,90.650002,88.042694,5388100
2019-07-25,91.489998,91.550003,90.470001,90.980003,88.363205,8106300
2019-07-26,96.400002,99.720001,95.209999,99.110001,96.259361,20846500
2019-07-29,98.050003,98.940002,97.209999,98.019997,95.200714,11184500
2019-07-30,97.500000,98.279999,96.519997,96.650002,93.870125,7248300
2019-07-31,96.650002,96.650002,93.500000,94.690002,91.966492,9912100
2019-08-01,95.000000,97.580002,94.580002,95.379997,92.636642,8342300
2019-08-02,95.000000,96.040001,94.800003,95.510002,92.762909,6381700
2019-08-05,94.510002,95.519997,93.029999,93.699997,91.004967,8917400
2019-08-06,94.309998,95.709999,93.800003,95.339996,92.597794,7438000
2019-08-07,94.599998,95.699997,94.169998,95.220001,92.831772,6414000
2019-08-08,95.230003,96.410004,94.440002,96.269997,93.855431,7423600
2019-08-09,96.150002,96.839996,95.419998,96.300003,93.884697,5209200
2019-08-12,95.779999,96.019997,94.300003,94.910004,92.529556,5513800
2019-08-13,94.519997,96.669998,94.209999,96.629997,94.206413,8915600
2019-08-14,95.910004,97.019997,94.870003,94.919998,92.539307,9989500
2019-08-15,95.500000,96.269997,94.610001,95.529999,93.134003,5559400
2019-08-16,96.290001,96.830002,95.849998,96.519997,94.099174,4852200
2019-08-19,97.230003,97.410004,96.220001,96.660004,94.235657,5324900
2019-08-20,96.349998,97.120003,95.589996,95.629997,93.231491,6809100
2019-08-21,96.269997,96.650002,95.730003,96.320000,93.904182,4740500
2019-08-22,96.589996,96.849998,95.699997,96.489998,94.069923,5146200
2019-08-23,96.410004,97.099998,94.389999,94.699997,92.324814,8076600
2019-08-26,95.379997,96.500000,95.000000,96.500000,94.079666,5802600
2019-08-27,96.699997,97.099998,96.029999,96.089996,93.679955,6539800
2019-08-28,96.230003,97.209999,96.000000,97.070000,94.635376,4948800
2019-08-29,97.849998,98.070000,97.059998,97.699997,95.249580,4514300
2019-08-30,98.139999,98.139999,96.110001,96.559998,94.138168,5209500
2019-09-03,96.419998,97.209999,96.050003,96.769997,94.342903,5150700
2019-09-04,94.480003,96.330002,93.029999,96.110001,93.699463,12937000
2019-09-05,96.540001,96.959999,95.169998,95.559998,93.163254,5514400
2019-09-06,95.750000,96.339996,95.510002,95.739998,93.338730,3991800
2019-09-09,95.800003,95.930000,93.739998,94.160004,91.798363,6523300
2019-09-10,93.809998,93.879997,89.300003,90.349998,88.083923,12490900
2019-09-11,90.180000,91.449997,89.610001,90.980003,88.698120,8406600
2019-09-12,92.160004,93.320000,91.769997,92.059998,89.751022,6862200
2019-09-13,92.150002,92.150002,90.320000,90.480003,88.210663,6972300
2019-09-16,90.019997,90.449997,89.379997,89.419998,87.177246,6339200
2019-09-17,89.669998,91.459999,89.650002,90.750000,88.473892,6493200
2019-09-18,90.980003,91.360001,90.059998,90.959999,88.678619,4510700
2019-09-19,90.989998,92.099998,90.300003,91.559998,89.263573,4843600
2019-09-20,91.610001,92.080002,90.059998,90.070000,87.810944,10913800
2019-09-23,90.320000,91.160004,89.930000,90.809998,88.532379,4532400
2019-09-24,91.599998,91.769997,89.510002,89.919998,87.664703,5662600
2019-09-25,89.940002,90.610001,89.019997,90.349998,88.083923,4764000
2019-09-26,90.839996,91.150002,89.500000,89.800003,87.547722,5026400
2019-09-27,90.300003,90.300003,87.790001,88.370003,86.153580,5987700
2019-09-30,88.410004,88.559998,87.610001,88.419998,86.202332,6588300
2019-10-01,88.629997,88.889999,86.449997,86.510002,84.340240,6719400
2019-10-02,85.949997,86.010002,84.160004,84.320000,82.205154,9858200
2019-10-03,84.300003,84.910004,83.610001,84.669998,82.546379,5989000
2019-10-04,84.900002,85.970001,84.750000,85.919998,83.765022,5869000
2019-10-07,85.709999,86.160004,85.489998,85.849998,83.696777,4382900
2019-10-08,85.489998,86.330002,84.690002,84.910004,82.780373,6100400
2019-10-09,85.370003,86.169998,85.279999,85.849998,83.696777,4427200
2019-10-10,85.910004,86.070000,85.379997,85.959999,83.804031,3986000
2019-10-11,87.019997,87.250000,86.260002,86.360001,84.193993,5611000
2019-10-14,86.500000,87.680000,86.400002,86.620003,84.447479,4881000
2019-10-15,87.000000,87.250000,85.760002,86.449997,84.281731,4695100
2019-10-16,86.529999,86.830002,86.050003,86.709999,84.535217,3698700
2019-10-17,86.879997,87.019997,86.160004,86.290001,84.125748,4359400
2019-10-18,86.349998,86.750000,85.519997,86.029999,83.872269,4631200
2019-10-21,86.000000,86.239998,85.080002,85.349998,83.209328,4861200
2019-10-22,85.230003,85.349998,83.389999,83.459999,81.366730,5767500
2019-10-23,84.309998,84.410004,82.129997,82.739998,80.664787,7136200
2019-10-24,82.800003,83.529999,82.660004,83.180000,81.093758,4591100
2019-10-25,83.209999,83.570000,82.629997,83.379997,81.288734,5235300
2019-10-28,84.470001,84.980003,83.360001,83.599998,81.503220,6653400
2019-10-29,83.809998,84.629997,83.639999,84.129997,82.019928,5699100
2019-10-30,84.610001,84.699997,83.320000,84.190002,82.078430,8731300
2019-10-31,86.709999,87.220001,83.279999,84.559998,82.439140,14008800
2019-11-01,84.790001,85.309998,82.610001,83.209999,81.123009,10658500
2019-11-04,83.300003,83.440002,81.900002,82.370003,80.304070,8271200
2019-11-05,82.339996,82.339996,81.029999,81.889999,79.836113,7054400
2019-11-06,82.080002,83.370003,82.000000,82.989998,80.908516,6365300
2019-11-07,83.059998,83.290001,81.839996,81.949997,79.894600,7221400
2019-11-08,82.190002,82.639999,81.449997,81.769997,79.719109,7054800
2019-11-11,81.750000,82.529999,81.370003,82.430000,80.362564,5828200
2019-11-12,82.690002,83.980003,82.610001,83.320000,81.636292,8551400
2019-11-13,83.290001,84.290001,83.199997,83.940002,82.243759,7407900
2019-11-14,84.099998,84.519997,83.800003,84.379997,82.674873,5285100
2019-11-15,84.680000,84.940002,83.570000,84.209999,82.508301,7533000
2019-11-18,83.919998,84.110001,83.250000,84.019997,82.322144,6432200
2019-11-19,84.059998,84.279999,83.570000,83.660004,81.969421,6008400
2019-11-20,83.540001,84.489998,82.980003,83.599998,81.910637,6248700
2019-11-21,83.750000,84.040001,81.760002,82.300003,80.636902,8300500
2019-11-22,82.690002,83.389999,82.660004,83.019997,81.342354,6080400
2019-11-25,83.160004,84.000000,82.930000,83.750000,82.057602,5450400
2019-11-26,84.129997,84.650002,84.000000,84.559998,82.851234,7651500
2019-11-27,84.849998,85.809998,84.419998,85.769997,84.036781,7502400
2019-11-29,85.910004,86.730003,85.250000,85.430000,83.703659,3857000
2019-12-02,85.379997,85.769997,83.820000,84.570000,82.861038,6425800
2019-12-03,84.029999,85.000000,83.820000,84.820000,83.105972,6049800
2019-12-04,85.129997,85.540001,84.699997,85.400002,83.674255,5940300
2019-12-05,85.440002,85.480003,84.320000,84.449997,82.743454,5170800
2019-12-06,85.029999,86.529999,85.029999,86.320000,84.575668,8499800
2019-12-09,86.309998,86.629997,85.959999,86.279999,84.536476,7164700
2019-12-10,86.500000,87.470001,85.910004,86.040001,84.301331,7944800
2019-12-11,86.260002,86.870003,85.849998,86.589996,84.840210,4921900
2019-12-12,88.000000,88.889999,87.540001,88.209999,86.427483,10282100
2019-12-13,88.019997,88.790001,87.580002,88.669998,86.878181,6714100
2019-12-16,89.139999,89.300003,88.430000,88.779999,86.985954,6705600
2019-12-17,88.870003,88.970001,87.470001,88.129997,86.349091,7296900
2019-12-18,88.389999,88.849998,87.820000,87.989998,86.211922,5859200
2019-12-19,87.830002,88.589996,87.580002,88.519997,86.731209,6022100
2019-12-20,88.790001,89.000000,87.889999,88.459999,86.672424,14271500
2019-12-23,88.620003,88.849998,88.180000,88.230003,86.447067,4349700
2019-12-24,88.199997,88.599998,88.000000,88.519997,86.731209,1847800
2019-12-26,88.730003,88.760002,87.790001,88.080002,86.300102,4177700
2019-12-27,88.110001,88.459999,87.690002,88.129997,86.349091,4129300
2019-12-30,88.010002,88.199997,87.059998,87.440002,85.673035,4655600
2019-12-31,87.440002,87.989998,87.309998,87.919998,86.143326,4115600
2020-01-02,88.120003,89.349998,88.050003,89.349998,87.544441,6473800
2020-01-03,88.660004,89.099998,88.099998,88.830002,87.034950,4874100
2020-01-06,88.110001,88.410004,87.470001,88.129997,86.349091,5409800
2020-01-07,87.959999,88.029999,87.129997,87.860001,86.084549,6514700
2020-01-08,87.940002,89.349998,87.779999,88.879997,87.083939,7296300
2020-01-09,90.250000,91.160004,90.070000,90.529999,88.700584,9443500
2020-01-10,90.800003,90.889999,89.629997,90.160004,88.338074,7097900
2020-01-13,90.620003,91.720001,90.209999,91.080002,89.239479,7382500
2020-01-14,91.190002,91.440002,90.860001,90.989998,89.151291,5855200
2020-01-15,91.000000,92.059998,91.000000,91.540001,89.690178,6145300
2020-01-16,91.989998,92.610001,91.629997,92.580002,90.709160,5180300
2020-01-17,92.930000,93.750000,92.809998,93.620003,91.728157,6962800
2020-01-21,92.830002,93.599998,92.190002,92.529999,90.660172,7094600
2020-01-22,93.139999,93.750000,92.470001,92.529999,90.660172,6157400
2020-01-23,91.919998,93.849998,90.739998,93.750000,91.855522,6100600
2020-01-24,94.000000,94.129997,91.339996,92.029999,90.170280,7815500
2020-01-27,88.629997,89.449997,87.550003,88.730003,86.936981,11066500
2020-01-28,89.050003,89.190002,87.720001,88.599998,86.809593,11922400
2020-01-29,88.150002,88.440002,85.599998,86.720001,84.967583,17678700
2020-01-30,85.449997,86.589996,84.690002,85.839996,84.105362,12224900
2020-01-31,85.790001,85.989998,84.519997,84.830002,83.115776,11693900
2020-02-03,85.070000,86.790001,85.070000,86.010002,84.271935,9092600
2020-02-04,87.139999,89.000000,86.620003,88.379997,86.594040,9997100
2020-02-05,88.879997,89.199997,86.629997,87.559998,86.190453,9982700
2020-02-06,87.650002,87.699997,86.150002,86.150002,84.802513,8901400
2020-02-07,85.760002,86.620003,85.320000,86.419998,85.068283,8073900
2020-02-10,86.430000,87.620003,86.169998,87.529999,86.160919,7289300
2020-02-11,87.860001,88.230003,87.349998,87.510002,86.141235,5098500
2020-02-12,87.709999,89.099998,87.389999,88.570000,87.184654,7747800
2020-02-13,88.500000,90.510002,88.260002,89.930000,88.523392,8576600
2020-02-14,90.180000,90.410004,88.989998,89.279999,87.883537,5686900
2020-02-18,89.370003,89.470001,88.290001,89.230003,87.834335,5288800
2020-02-19,89.489998,90.440002,89.300003,90.139999,88.730087,5210800
2020-02-20,89.730003,90.250000,87.730003,88.599998,87.214180,5969200
2020-02-21,88.000000,88.389999,87.000000,87.360001,85.993584,5800500
2020-02-24,84.529999,86.050003,84.260002,84.519997,83.197998,8313600
2020-02-25,85.019997,85.349998,81.669998,82.190002,80.904449,9404000
2020-02-26,82.599998,83.239998,80.639999,80.669998,79.408211,10541500
2020-02-27,78.830002,80.870003,77.360001,78.290001,77.065445,17120800
2020-02-28,76.169998,78.809998,75.720001,78.430000,77.203262,19120200
2020-03-02,77.919998,82.410004,77.660004,82.379997,81.091476,14258700
2020-03-03,82.300003,82.620003,78.110001,78.599998,77.370598,12395900
2020-03-04,79.290001,80.199997,77.879997,79.669998,78.423851,10999600
2020-03-05,77.900002,77.900002,75.279999,76.190002,74.998299,12545300
2020-03-06,73.459999,75.709999,72.050003,75.339996,74.161591,18080100
2020-03-09,70.580002,74.029999,70.080002,70.830002,69.722130,15930300
2020-03-10,72.559998,74.949997,70.029999,74.870003,73.698936,18414000
2020-03-11,72.830002,74.269997,67.400002,68.300003,67.231705,17138000
2020-03-12,62.950001,66.790001,61.459999,62.099998,61.128677,25170600
2020-03-13,65.650002,70.180000,63.509998,69.919998,68.826363,19247200
2020-03-16,60.630001,63.950001,58.110001,58.590000,57.673576,23354300
2020-03-17,59.549999,59.619999,53.610001,58.980000,58.057476,25045200
2020-03-18,55.549999,57.650002,50.020000,56.330002,55.448929,28770600
2020-03-19,56.230000,63.360001,53.549999,61.410000,60.449471,25167400
2020-03-20,62.299999,65.680000,57.910000,58.029999,57.122337,28420600
2020-03-23,57.230000,57.439999,54.000000,56.549999,55.665485,24905800
2020-03-24,62.610001,65.160004,61.000000,64.879997,63.865192,28286200
2020-03-25,66.830002,69.639999,63.490002,65.809998,64.780647,22977200
2020-03-26,66.709999,71.580002,66.250000,69.900002,68.806671,20997500
2020-03-27,66.680000,68.250000,64.820000,66.339996,65.302361,18950500
2020-03-30,66.559998,68.220001,64.580002,67.860001,66.798584,14199700
2020-03-31,67.180000,68.320000,65.309998,65.739998,64.711739,20109800
2020-04-01,63.000000,64.760002,61.580002,62.619999,61.640545,12880400
2020-04-02,65.750000,68.699997,62.910000,65.000000,63.983322,18175000
2020-04-03,64.470001,64.750000,60.900002,63.049999,62.063820,14676500
2020-04-06,66.269997,68.339996,64.410004,67.790001,66.729675,18010800
2020-04-07,71.570000,72.480003,68.330002,68.709999,67.635292,13799400
2020-04-08,69.580002,71.919998,68.540001,71.570000,70.450554,10417600
2020-04-09,71.199997,74.260002,70.139999,73.879997,72.724419,19769600
2020-04-13,73.519997,73.599998,70.349998,71.760002,70.637581,11191800
2020-04-14,73.690002,74.330002,72.660004,73.669998,72.517700,10912000
2020-04-15,72.010002,73.180000,70.709999,72.550003,71.415230,10642500
2020-04-16,73.110001,73.760002,71.349998,73.510002,72.360214,11946800
2020-04-17,76.620003,77.389999,74.970001,77.099998,75.894051,14268400
2020-04-20,76.019997,76.980003,75.080002,75.320000,74.141899,9684700
2020-04-21,73.400002,73.959999,71.739998,72.720001,71.582573,10345800
2020-04-22,74.550003,78.059998,74.430000,77.449997,76.238579,11355300
2020-04-23,77.330002,77.669998,74.260002,75.150002,73.974564,15513400
2020-04-24,75.750000,76.029999,74.209999,75.580002,74.397835,8460600
2020-04-27,76.680000,78.040001,76.540001,77.739998,76.524055,8258500
2020-04-28,78.669998,79.610001,76.959999,78.690002,77.459190,12801400
2020-04-29,78.180000,78.750000,76.720001,76.860001,75.657814,24575500
2020-04-30,76.830002,77.639999,75.190002,76.730003,75.529846,15186000
2020-05-01,74.900002,75.879997,73.209999,73.790001,72.635834,11216700
2020-05-04,72.580002,72.620003,71.260002,71.889999,70.765549,12921800
2020-05-05,74.959999,75.080002,72.889999,72.900002,71.759758,12976000
2020-05-06,73.769997,74.849998,72.860001,72.959999,71.818810,12740900
2020-05-07,73.809998,76.029999,73.370003,76.000000,75.234047,13360500
2020-05-08,77.250000,77.930000,75.760002,77.870003,77.085205,11921800
2020-05-11,76.620003,77.180000,75.800003,75.870003,75.105354,9004500
2020-05-12,76.000000,76.730003,74.339996,74.349998,73.600670,8549900
2020-05-13,74.459999,75.750000,72.919998,73.620003,72.878036,11532700
2020-05-14,72.320000,74.290001,70.650002,74.190002,73.442284,11932300
2020-05-15,72.809998,74.639999,72.669998,74.160004,73.412590,9489100
2020-05-18,76.860001,77.500000,76.199997,76.230003,75.461723,8912500
2020-05-19,76.400002,77.220001,75.760002,75.860001,75.095451,6484900
2020-05-20,77.230003,77.839996,76.519997,77.760002,76.976303,7790500
2020-05-21,78.599998,79.379997,77.889999,78.050003,77.263390,10312600
2020-05-22,77.900002,78.050003,76.519997,77.620003,76.837715,7653300
2020-05-26,79.599998,79.919998,77.580002,77.760002,76.976303,8422200
2020-05-27,78.980003,78.980003,77.389999,78.599998,77.807838,8245300
2020-05-28,78.639999,80.059998,77.930000,78.540001,77.748444,8331400
2020-05-29,78.620003,78.639999,77.260002,77.989998,77.203987,10109000
2020-06-01,77.660004,78.650002,76.769997,78.320000,77.530663,7922000
2020-06-02,77.970001,78.260002,76.790001,77.779999,76.996101,9521000
2020-06-03,78.449997,79.949997,78.300003,79.580002,78.777969,9953600
2020-06-04,79.309998,80.169998,78.470001,78.739998,77.946426,7667600
2020-06-05,80.330002,82.330002,79.970001,82.139999,81.312164,12030800
2020-06-08,83.080002,83.620003,82.180000,83.559998,82.717850,10229600
2020-06-09,82.620003,83.220001,81.760002,82.370003,81.539848,7999800
2020-06-10,79.879997,80.029999,78.199997,79.010002,78.213707,19683800
2020-06-11,75.750000,76.790001,72.150002,72.570000,71.838615,26422200
2020-06-12,75.000000,76.720001,73.809998,76.379997,75.610207,18521600
2020-06-15,74.300003,77.910004,74.080002,76.959999,76.184364,14644700
2020-06-16,78.790001,78.940002,76.389999,77.839996,77.055496,10890100
2020-06-17,78.070000,78.290001,76.680000,77.099998,76.322952,6904200
2020-06-18,76.720001,76.790001,75.800003,76.309998,75.540916,8486000
2020-06-19,77.029999,77.379997,74.879997,75.400002,74.640091,12538600
2020-06-22,74.900002,75.650002,73.919998,75.400002,74.640091,8238600
2020-06-23,76.330002,76.370003,75.070000,75.489998,74.729187,8076600
2020-06-24,74.900002,74.919998,72.000000,73.639999,72.897827,12306400
2020-06-25,73.220001,74.110001,72.169998,73.849998,73.105713,8624800
2020-06-26,73.629997,73.769997,71.250000,71.570000,70.848686,17627800
2020-06-29,71.410004,73.500000,71.059998,73.480003,72.739441,8653000
2020-06-30,73.580002,73.879997,72.809998,73.589996,72.848335,11324000
2020-07-01,74.000000,74.690002,73.379997,74.029999,73.283897,6750000
2020-07-02,75.040001,75.089996,73.639999,73.779999,73.036423,6544400
2020-07-06,74.930000,75.480003,74.160004,75.440002,74.679688,7235300
2020-07-07,75.129997,75.230003,74.000000,74.250000,73.501678,7515100
2020-07-08,74.070000,74.500000,73.330002,74.139999,73.392784,7346200
2020-07-09,73.730003,74.220001,71.930000,73.570000,72.828537,9618200
2020-07-10,73.000000,74.559998,72.739998,74.290001,73.541283,7524200
2020-07-13,74.559998,74.839996,72.489998,72.650002,71.917809,9464500
2020-07-14,72.000000,72.970001,71.820000,72.730003,71.997009,8780900
2020-07-15,74.459999,75.809998,73.959999,75.610001,74.847977,10300700
2020-07-16,74.900002,75.139999,73.680000,74.389999,73.640266,6649300
2020-07-17,74.430000,74.550003,73.209999,74.160004,73.412590,6087500
2020-07-20,74.160004,75.220001,73.629997,74.959999,74.204529,8832700
2020-07-21,75.779999,76.800003,75.269997,75.440002,74.679688,10639800
2020-07-22,75.519997,77.330002,75.120003,77.239998,76.461540,9213100
2020-07-23,76.879997,77.070000,74.900002,75.360001,74.600494,7795100
2020-07-24,75.279999,76.000000,75.110001,75.779999,75.016258,5673400
2020-07-27,75.889999,76.709999,75.540001,76.459999,75.689407,6771100
2020-07-28,76.300003,76.389999,74.559998,74.639999,73.887756,12273400
2020-07-29,77.559998,78.489998,76.900002,77.419998,76.639725,15261100
2020-07-30,76.629997,76.980003,75.400002,76.639999,75.867592,7889800
2020-07-31,76.239998,76.540001,75.480003,76.529999,75.758705,7425000
2020-08-03,76.480003,76.599998,75.440002,75.500000,74.739090,7138300
2020-08-04,75.370003,75.489998,74.760002,75.129997,74.372810,12792400
2020-08-05,75.349998,75.989998,75.330002,75.779999,75.016258,7823100
2020-08-06,75.199997,75.919998,74.940002,75.660004,75.304901,6764800
2020-08-07,75.480003,75.930000,75.209999,75.790001,75.434288,6568000
2020-08-10,75.820000,77.669998,75.809998,77.470001,77.106407,6604300
2020-08-11,78.269997,79.980003,78.000000,78.870003,78.499832,10238500
2020-08-12,79.589996,79.690002,78.669998,79.290001,78.917862,5378800
2020-08-13,78.919998,79.639999,78.839996,79.019997,78.649124,4383400
2020-08-14,78.540001,78.930000,78.019997,78.370003,78.002182,3771300
2020-08-17,78.599998,78.959999,78.120003,78.949997,78.579453,5360400
2020-08-18,79.150002,79.360001,78.349998,78.989998,78.619270,5272700
2020-08-19,79.180000,79.389999,77.430000,77.629997,77.265648,6840600
2020-08-20,77.029999,77.650002,76.459999,77.220001,76.857574,5099500
2020-08-21,76.940002,77.269997,76.690002,77.070000,76.708282,5594100
2020-08-24,77.709999,79.139999,77.250000,78.680000,78.310722,5867400
2020-08-25,80.059998,83.070000,79.790001,82.720001,82.331764,17659500
2020-08-26,82.419998,82.750000,81.879997,82.410004,82.023224,7934300
2020-08-27,82.750000,83.639999,82.500000,83.410004,83.018532,9099200
2020-08-28,83.790001,85.290001,83.430000,85.000000,84.601059,9303900
2020-08-31,84.629997,85.360001,84.029999,84.470001,84.073547,6401600